     0.00     0.00  0.00   0.000  0.000   0.00000000 0.00000000     0.00   0.00
    25.00     0.00  0.00  -0.000  0.000   0.00000000 0.00000000     0.00   0.00
    50.00     0.00  0.00  -0.000  0.000   0.00000009 0.00000000     0.00   0.00
    75.00     0.00  0.00  -0.000  0.000   0.00000129 0.00000000     0.00   0.00
   100.00     0.00  0.00  -0.000  0.000   0.00000820 0.00000000     0.00   0.00
   125.00     0.00  0.00  -0.000  0.000   0.00003230 0.00000000     0.00   0.00
   150.00     0.01  0.00  -0.000  0.000   0.00009406 0.00000001     0.00   0.00
   175.00     0.01  0.00   0.000  0.000   0.00022270 0.00000005     0.00  -0.00
   200.00     0.03  0.00   0.000  0.000   0.00045439 0.00000021     0.00   0.00
   225.00     0.05  0.00  -0.000  0.000   0.00083001 0.00000069     0.00   0.00
   250.00     0.08  0.00  -0.000  0.000   0.00139327 0.00000194     0.00   0.00
   275.00     0.13  0.00   0.000  0.000   0.00218970 0.00000479     0.00   0.00
   300.00     0.19  0.00   0.000  0.000   0.00326615 0.00001356     0.00   0.00
   325.00     0.27  0.00   0.000  0.000   0.00467081 0.00003208     0.01   0.00
   350.00     0.37  0.00   0.000  0.000   0.00645336 0.00006555     0.01   0.01
   375.00     0.50  0.00   0.000  0.000   0.00866584 0.00012162     0.02   0.01
   400.00     0.65  0.00   0.000  0.000   0.01136340 0.00021085     0.04   0.01
   425.00     0.84  0.00   0.001  0.000   0.01460581 0.00034778     0.06   0.02
   450.00     1.06  0.00   0.001  0.000   0.01845867 0.00055236     0.08   0.03
   475.00     1.32  0.00   0.001  0.000   0.02299473 0.00085171     0.12   0.04
   500.00     1.62  0.00   0.002  0.000   0.02829551 0.00128186     0.16   0.06
   525.00     1.98  0.00   0.003  0.000   0.03445326 0.00188963     0.22   0.08
   550.00     2.39  0.00   0.004  0.000   0.04157444 0.00273586     0.30   0.11
   575.00     2.87  0.00   0.006  0.000   0.04978385 0.00390062     0.40   0.14
   600.00     3.41  0.00   0.008  0.000   0.05922791 0.00549057     0.52   0.19
   625.00     4.05  0.00   0.011  0.000   0.07007993 0.00764896     0.69   0.24
   650.00     4.79  0.00   0.015  0.000   0.08254448 0.01057027     0.90   0.31
   675.00     5.64  0.00   0.020  0.000   0.09686305 0.01452092     1.17   0.40
   700.00     6.64  0.00   0.027  0.000   0.11331792 0.01987052     1.51   0.51
   725.00     7.81  0.00   0.036  0.000   0.13223308 0.02713800     1.97   0.65
   750.00     9.20  0.00   0.048  0.000   0.15396544 0.03706170     2.56   0.83
   775.00    10.85  0.00   0.065  0.000   0.17887340 0.05070504     3.35   1.07
   800.00    12.86  0.00   0.087  0.000   0.20723675 0.06961535     4.40   1.38
   825.00    15.31  0.00   0.119  0.000   0.23906469 0.09605239     5.81   1.80
   850.00    18.37  0.00   0.162  0.000   0.27367204 0.13328478     7.74   2.36
   875.00    22.25  0.00   0.224  0.000   0.30877891 0.18585025    10.37   3.12
   900.00    27.31  0.00   0.309  0.000   0.33876207 0.25934497    13.93   4.15
   925.00    34.04  0.00   0.425  0.000   0.35187358 0.35841566    18.55   5.49
   950.00    43.28  0.00   0.568  0.000   0.32816705 0.48032671    23.97   7.08
   975.00    56.41  0.00   0.716  0.000   0.24553367 0.60334796    29.08   8.63
  1000.00    75.37  0.00   0.823  0.000   0.10294126 0.68374723    31.86   9.58
  1025.00    98.86  0.00   0.847  0.000  -0.05951586 0.68621224    30.94   9.55
  1050.00   118.64  0.00   0.799  0.000  -0.18849021 0.62112737    27.12   8.72
  1075.00   131.86  0.00   0.722  0.000  -0.26208603 0.52888215    22.39   7.64
  1100.00   140.70  0.00   0.650  0.000  -0.28983819 0.44156933    18.14   6.68
  1125.00   146.89  0.00   0.599  0.000  -0.28984109 0.37226811    14.85   5.97
  1150.00   151.36  0.00   0.568  0.000  -0.27649349 0.32238773    12.49   5.50
  1175.00   154.60  0.00   0.554  0.000  -0.25881419 0.28885874    10.88   5.22
  1200.00   156.93  0.00   0.550  0.000  -0.24184364 0.26753390     9.81   5.04
  1225.00   158.56  0.00   0.551  0.000  -0.22801542 0.25443947     9.08   4.92
  1250.00   159.66  0.00   0.552  0.000  -0.21806577 0.24623981     8.57   4.80
  1275.00   -19.60  0.00   0.551  0.000  -0.21168198 0.24043633     8.15   4.67
  1300.00   -19.09  0.00   0.547  0.000  -0.20801891 0.23539400     7.79   4.52
  1325.00   -18.69  0.00   0.539  0.000  -0.20609787 0.23022613     7.43   4.35
  1350.00   -18.33  0.00   0.528  0.000  -0.20505424 0.22459039     7.08   4.17
  1375.00   -17.98  0.00   0.516  0.000  -0.20424344 0.21847576     6.73   3.98
  1400.00   -17.61  0.00   0.503  0.000  -0.20324907 0.21203257     6.39   3.79
  1425.00   -17.21  0.00   0.490  0.000  -0.20184104 0.20546111     6.05   3.61
  1450.00   -16.79  0.00   0.478  0.000  -0.19992176 0.19895233     5.73   3.44
  1475.00   -16.36  0.00   0.466  0.000  -0.19747786 0.19266194     5.43   3.29
  1500.00   -15.92  0.00   0.456  0.000  -0.19454545 0.18670574     5.16   3.15
  1525.00   -15.47  0.00   0.447  0.000  -0.19118449 0.18116207     4.90   3.02
  1550.00   -15.03  0.00   0.440  0.000  -0.18746532 0.17608015     4.67   2.91
  1575.00   -14.59  0.00   0.434  0.000  -0.18345898 0.17148484     4.46   2.82
  1600.00   -14.16  0.00   0.429  0.000  -0.17923322 0.16738480     4.27   2.73
  1625.00   -13.74  0.00   0.426  0.000  -0.17485040 0.16377667     4.10   2.66
  1650.00   -13.33  0.00   0.423  0.000  -0.17036702 0.16064855     3.94   2.60
  1675.00   -12.93  0.00   0.422  0.000  -0.16583276 0.15798292     3.81   2.54
  1700.00   -12.55  0.00   0.422  0.000  -0.16129154 0.15575829     3.68   2.50
  1725.00   -12.19  0.00   0.423  0.000  -0.15678255 0.15395094     3.58   2.46
  1750.00   -11.84  0.00   0.424  0.000  -0.15233982 0.15253556     3.48   2.42
  1775.00   -11.50  0.00   0.427  0.000  -0.14799304 0.15148622     3.40   2.39
  1800.00   -11.19  0.00   0.429  0.000  -0.14376795 0.15077624     3.33   2.37
  1825.00   -10.89  0.00   0.433  0.000  -0.13968687 0.15037961     3.26   2.35
  1850.00   -10.61  0.00   0.437  0.000  -0.13576929 0.15026976     3.21   2.33
  1875.00   -10.35  0.00   0.441  0.000  -0.13203125 0.15042160     3.16   2.32
  1900.00   -10.10  0.00   0.446  0.000  -0.12848669 0.15080971     3.12   2.31
  1925.00    -9.87  0.00   0.451  0.000  -0.12514667 0.15141016     3.08   2.30
  1950.00    -9.67  0.00   0.457  0.000  -0.12202045 0.15219951     3.05   2.29
  1975.00    -9.48  0.00   0.462  0.000  -0.11911527 0.15315582     3.02   2.28
  2000.00    -9.31  0.00   0.468  0.000  -0.11643670 0.15425707     3.00   2.27
  2025.00    -9.15  0.00   0.473  0.000  -0.11398846 0.15548372     2.98   2.27
  2050.00    -9.02  0.00   0.479  0.000  -0.11177269 0.15681656     2.96   2.26
  2075.00    -8.90  0.00   0.485  0.000  -0.10979080 0.15823790     2.94   2.25
  2100.00    -8.81  0.00   0.490  0.000  -0.10804246 0.15973078     2.93   2.25
  2125.00    -8.73  0.00   0.496  0.000  -0.10652678 0.16128027     2.92   2.24
  2150.00    -8.67  0.00   0.501  0.000  -0.10524175 0.16287220     2.90   2.23
  2175.00    -8.63  0.00   0.506  0.000  -0.10418456 0.16449325     2.89   2.23
  2200.00    -8.60  0.00   0.511  0.000  -0.10335212 0.16613184     2.88   2.22
  2225.00    -8.59  0.00   0.516  0.000  -0.10274085 0.16777726     2.87   2.21
  2250.00    -8.60  0.00   0.521  0.000  -0.10234628 0.16942021     2.86   2.20
  2275.00    -8.63  0.00   0.525  0.000  -0.10216391 0.17105220     2.85   2.19
  2300.00    -8.67  0.00   0.530  0.000  -0.10218916 0.17266592     2.84   2.18
  2325.00    -8.73  0.00   0.534  0.000  -0.10241698 0.17425501     2.83   2.17
  2350.00    -8.80  0.00   0.537  0.000  -0.10284274 0.17581405     2.82   2.16
  2375.00    -8.89  0.00   0.541  0.000  -0.10346092 0.17733824     2.81   2.14
  2400.00    -8.99  0.00   0.544  0.000  -0.10426687 0.17882431     2.80   2.13
  2425.00    -9.11  0.00   0.547  0.000  -0.10525542 0.18026878     2.79   2.12
  2450.00    -9.24  0.00   0.549  0.000  -0.10642118 0.18166979     2.78   2.10
  2475.00    -9.39  0.00   0.552  0.000  -0.10775979 0.18302576     2.77   2.08
  2500.00    -9.55  0.00   0.554  0.000  -0.10926645 0.18433596     2.75   2.07