     0.00     0.00  0.00   0.000  0.000   0.00000000-0.00000000    -0.00  -0.00
    25.00     0.00  0.00  -0.000  0.000   0.00000000 0.00000000     0.00   0.00
    50.00     0.00  0.00  -0.000  0.000   0.00000000 0.00000000     0.00   0.00
    75.00     0.00  0.00  -0.000  0.000   0.00000000 0.00000000     0.00   0.00
   100.00     0.00  0.00  -0.000  0.000   0.00000000 0.00000000     0.00   0.00
   125.00     0.00  0.00  -0.000  0.000   0.00000003 0.00000000     0.00   0.00
   150.00     0.00  0.00  -0.000  0.000   0.00000015 0.00000000     0.00   0.00
   175.00     0.00  0.00  -0.000  0.000   0.00000051 0.00000000     0.00   0.00
   200.00     0.00  0.00  -0.000  0.000   0.00000132 0.00000000     0.00   0.00
   225.00     0.00  0.00  -0.000  0.000   0.00000291 0.00000000     0.00   0.00
   250.00     0.00  0.00  -0.000  0.000   0.00000562 0.00000000     0.00   0.00
   275.00     0.00  0.00  -0.000  0.000   0.00000980 0.00000000     0.00   0.00
   300.00     0.00  0.00  -0.000  0.000   0.00001573 0.00000000     0.00   0.00
   325.00     0.00  0.00  -0.000  0.000   0.00002365 0.00000000     0.00   0.00
   350.00     0.00  0.00  -0.000  0.000   0.00003368 0.00000000     0.00   0.00
   375.00     0.00  0.00  -0.000  0.000   0.00004585 0.00000000     0.00   0.00
   400.00     0.00  0.00  -0.000  0.000   0.00006008 0.00000001     0.00   0.00
   425.00     0.00  0.00   0.000  0.000   0.00007619 0.00000002     0.00   0.00
   450.00     0.01  0.00   0.000  0.000   0.00009395 0.00000003     0.00   0.00
   475.00     0.01  0.00   0.000  0.000   0.00011302 0.00000006     0.00   0.00
   500.00     0.01  0.00   0.000  0.000   0.00013305 0.00000009     0.00   0.00
   525.00     0.01  0.00   0.000  0.000   0.00015363 0.00000015     0.00   0.00
   550.00     0.01  0.00   0.000  0.000   0.00017432 0.00000023     0.00   0.00
   575.00     0.01  0.00   0.000  0.000   0.00019469 0.00000035     0.00   0.00
   600.00     0.01  0.00   0.000  0.000   0.00021430 0.00000051     0.00   0.00
   625.00     0.01  0.00   0.000  0.000   0.00023271 0.00000074     0.00   0.00
   650.00     0.01  0.00   0.000  0.000   0.00024950 0.00000104     0.00   0.00
   675.00     0.02  0.00   0.000  0.000   0.00026428 0.00000143     0.00   0.00
   700.00     0.02  0.00   0.000  0.000   0.00027666 0.00000195     0.00   0.00
   725.00     0.02  0.00   0.000  0.000   0.00028630 0.00000260     0.00   0.00
   750.00     0.02  0.00   0.000  0.000   0.00029288 0.00000342     0.00   0.00
   775.00     0.02  0.00   0.000  0.000   0.00029613 0.00000444     0.00   0.00
   800.00     0.02  0.00   0.000  0.000   0.00029578 0.00000570     0.00   0.00
   825.00     0.02  0.00   0.000  0.000   0.00029162 0.00000724     0.00   0.00
   850.00     0.02  0.00   0.000  0.000   0.00028348 0.00000910     0.00   0.00
   875.00     0.02  0.00   0.000  0.000   0.00027119 0.00001133     0.00   0.00
   900.00     0.01  0.00   0.000  0.000   0.00025466 0.00001398     0.00   0.00
   925.00     0.01  0.00   0.000  0.000   0.00023381 0.00001713     0.00   0.00
   950.00     0.01  0.00   0.000  0.000   0.00020858 0.00002084     0.00   0.00
   975.00     0.01  0.00   0.000  0.000   0.00017898 0.00002519     0.00   0.00
  1000.00     0.01  0.00   0.000  0.000   0.00014502 0.00003026     0.00   0.00
  1025.00     0.01  0.00   0.000  0.000   0.00010677 0.00003617     0.00   0.00
  1050.00     0.00  0.00   0.000  0.000   0.00006431 0.00004301     0.00   0.00
  1075.00     0.00  0.00   0.000  0.000   0.00001778 0.00005092     0.00   0.00
  1100.00    -0.00  0.00   0.000  0.000  -0.00003267 0.00006004     0.00   0.00
  1125.00    -0.00  0.00   0.000  0.000  -0.00008685 0.00007053     0.01   0.01
  1150.00    -0.01  0.00   0.000  0.000  -0.00014453 0.00008257     0.01   0.01
  1175.00    -0.01  0.00   0.000  0.000  -0.00020545 0.00009636     0.01   0.01
  1200.00    -0.02  0.00   0.000  0.000  -0.00026931 0.00011214     0.01   0.01
  1225.00    -0.02  0.00   0.001  0.000  -0.00033577 0.00013019     0.01   0.01
  1250.00    -0.02  0.00   0.001  0.000  -0.00040447 0.00015080     0.01   0.01
  1275.00    -0.03  0.00   0.001  0.000  -0.00047498 0.00017432     0.01   0.01
  1300.00    -0.03  0.00   0.001  0.000  -0.00054686 0.00020115     0.01   0.01
  1325.00    -0.04  0.00   0.001  0.000  -0.00061961 0.00023177     0.01   0.01
  1350.00    -0.04  0.00   0.001  0.000  -0.00069269 0.00026669     0.02   0.02
  1375.00    -0.04  0.00   0.001  0.000  -0.00076552 0.00030654     0.02   0.02
  1400.00    -0.05  0.00   0.001  0.000  -0.00083746 0.00035203     0.02   0.02
  1425.00    -0.05  0.00   0.002  0.000  -0.00090785 0.00040399     0.02   0.02
  1450.00    -0.06  0.00   0.002  0.000  -0.00097596 0.00046338     0.03   0.03
  1475.00    -0.06  0.00   0.002  0.000  -0.00104104 0.00053135     0.03   0.03
  1500.00    -0.06  0.00   0.002  0.000  -0.00110228 0.00060922     0.03   0.03
  1525.00    -0.07  0.00   0.003  0.000  -0.00115888 0.00069853     0.04   0.04
  1550.00    -0.07  0.00   0.003  0.000  -0.00120998 0.00080113     0.04   0.04
  1575.00    -0.07  0.00   0.004  0.000  -0.00125478 0.00091917     0.05   0.05
  1600.00    -0.07  0.00   0.004  0.000  -0.00129251 0.00105520     0.05   0.05
  1625.00    -0.08  0.00   0.005  0.000  -0.00132248 0.00121223     0.06   0.06
  1650.00    -0.08  0.00   0.006  0.000  -0.00134418 0.00139382     0.07   0.07
  1675.00    -0.08  0.00   0.006  0.000  -0.00135740 0.00160416     0.08   0.08
  1700.00    -0.08  0.00   0.007  0.000  -0.00136230 0.00184819     0.09   0.09
  1725.00    -0.08  0.00   0.009  0.000  -0.00135969 0.00213170     0.10   0.10
  1750.00    -0.08  0.00   0.010  0.000  -0.00135126 0.00246143     0.11   0.11
  1775.00    -0.08  0.00   0.011  0.000  -0.00133997 0.00284512     0.13   0.13
  1800.00    -0.08  0.00   0.013  0.000  -0.00133056 0.00329154     0.15   0.14
  1825.00    -0.08  0.00   0.015  0.000  -0.00133015 0.00381035     0.17   0.16
  1850.00    -0.08  0.00   0.018  0.000  -0.00134909 0.00441172     0.19   0.19
  1875.00    -0.08  0.00   0.020  0.000  -0.00140183 0.00510574     0.21   0.21
  1900.00    -0.09  0.00   0.023  0.000  -0.00150791 0.00590110     0.24   0.24
  1925.00    -0.10  0.00   0.027  0.000  -0.00169276 0.00680332     0.28   0.27
  1950.00    -0.12  0.00   0.031  0.000  -0.00198791 0.00781198     0.31   0.31
  1975.00    -0.14  0.00   0.035  0.000  -0.00243005 0.00891711     0.35   0.35
  2000.00    -0.18  0.00   0.040  0.000  -0.00305824 0.01009553     0.39   0.39
  2025.00    -0.23  0.00   0.045  0.000  -0.00390849 0.01130748     0.43   0.43
  2050.00    -0.29  0.00   0.049  0.000  -0.00500590 0.01249613     0.47   0.46
  2075.00    -0.37  0.00   0.053  0.000  -0.00635566 0.01359133     0.51   0.50
  2100.00    -0.47  0.00   0.057  0.000  -0.00793559 0.01451871     0.53   0.52
  2125.00    -0.57  0.00   0.060  0.000  -0.00969478 0.01521331     0.55   0.54
  2150.00    -0.68  0.00   0.061  0.000  -0.01155945 0.01563274     0.56   0.54
  2175.00    -0.80  0.00   0.061  0.000  -0.01344591 0.01576574     0.55   0.54
  2200.00    -0.90  0.00   0.061  0.000  -0.01527599 0.01563204     0.54   0.53
  2225.00    -1.00  0.00   0.059  0.000  -0.01698897 0.01527480     0.52   0.51
  2250.00    -1.09  0.00   0.057  0.000  -0.01854699 0.01474917     0.50   0.48
  2275.00    -1.17  0.00   0.054  0.000  -0.01993479 0.01411143     0.47   0.45
  2300.00    -1.24  0.00   0.051  0.000  -0.02115436 0.01341146     0.44   0.42
  2325.00    -1.31  0.00   0.048  0.000  -0.02221934 0.01268910     0.41   0.39
  2350.00    -1.36  0.00   0.045  0.000  -0.02314919 0.01197343     0.38   0.36
  2375.00    -1.40  0.00   0.042  0.000  -0.02396523 0.01128397     0.36   0.34
  2400.00    -1.44  0.00   0.040  0.000  -0.02468808 0.01063279     0.33   0.31
  2425.00    -1.48  0.00   0.037  0.000  -0.02533633 0.01002609     0.31   0.29
  2450.00    -1.51  0.00   0.035  0.000  -0.02592587 0.00946636     0.29   0.27
  2475.00    -1.54  0.00   0.033  0.000  -0.02647001 0.00895338     0.27   0.25
  2500.00    -1.57  0.00   0.031  0.000  -0.02697968 0.00848538     0.25   0.23