     0.00    -0.00  0.00  -0.000  0.000  -0.00000000 0.00000000     0.00   0.00
    25.00    -0.00  0.00  -0.000  0.000  -0.00000026 0.00000000     0.00   0.00
    50.00    -0.00  0.00  -0.000  0.000  -0.00000752 0.00000000     0.00   0.00
    75.00    -0.00  0.00  -0.000  0.000  -0.00004978 0.00000000     0.00   0.00
   100.00    -0.01  0.00  -0.000  0.000  -0.00017650 0.00000003     0.00   0.00
   125.00    -0.03  0.00   0.000  0.000  -0.00044265 0.00000020     0.00   0.00
   150.00    -0.05  0.00   0.000  0.000  -0.00089255 0.00000080     0.00   0.00
   175.00    -0.09  0.00   0.000  0.000  -0.00155233 0.00000241     0.00   0.00
   200.00    -0.14  0.00  -0.000  0.000  -0.00242995 0.00000590     0.00   0.00
   225.00    -0.20  0.00   0.000  0.000  -0.00351901 0.00001238     0.01  -0.00
   250.00    -0.28  0.00  -0.000  0.000  -0.00480341 0.00002307     0.01   0.00
   275.00    -0.36  0.00   0.000  0.000  -0.00626127 0.00003921     0.01   0.00
   300.00    -0.45  0.00   0.000  0.000  -0.00786789 0.00006292     0.02   0.00
   325.00    -0.55  0.00   0.000  0.000  -0.00959775 0.00009605     0.02   0.00
   350.00    -0.65  0.00   0.000  0.000  -0.01142570 0.00013971     0.03   0.00
   375.00    -0.76  0.00   0.000  0.000  -0.01332776 0.00019525     0.04   0.00
   400.00    -0.88  0.00   0.000  0.000  -0.01528141 0.00026390     0.05   0.01
   425.00    -0.99  0.00   0.000  0.000  -0.01726585 0.00034681     0.06   0.01
   450.00    -1.10  0.00   0.000  0.000  -0.01926198 0.00044502     0.07   0.01
   475.00    -1.22  0.00   0.000  0.000  -0.02125235 0.00055957     0.08   0.01
   500.00    -1.33  0.00   0.001  0.000  -0.02322130 0.00069146     0.09   0.02
   525.00    -1.44  0.00   0.001  0.000  -0.02515467 0.00084155     0.10   0.02
   550.00    -1.55  0.00   0.001  0.000  -0.02703971 0.00101054     0.11   0.03
   575.00    -1.66  0.00   0.001  0.000  -0.02886494 0.00119895     0.12   0.04
   600.00    -1.76  0.00   0.002  0.000  -0.03061975 0.00140721     0.13   0.04
   625.00    -1.85  0.00   0.002  0.000  -0.03229448 0.00163577     0.15   0.05
   650.00    -1.95  0.00   0.003  0.000  -0.03388015 0.00188511     0.16   0.06
   675.00    -2.03  0.00   0.004  0.000  -0.03536849 0.00215585     0.17   0.07
   700.00    -2.11  0.00   0.004  0.000  -0.03675177 0.00244878     0.19   0.08
   725.00    -2.19  0.00   0.005  0.000  -0.03802275 0.00276494     0.20   0.10
   750.00    -2.25  0.00   0.006  0.000  -0.03917465 0.00310563     0.21   0.11
   775.00    -2.31  0.00   0.007  0.000  -0.04020102 0.00347253     0.23   0.12
   800.00    -2.37  0.00   0.009  0.000  -0.04109576 0.00386773     0.24   0.14
   825.00    -2.41  0.00   0.010  0.000  -0.04185305 0.00429381     0.26   0.15
   850.00    -2.45  0.00   0.012  0.000  -0.04246726 0.00475394     0.28   0.17
   875.00    -2.48  0.00   0.014  0.000  -0.04293299 0.00525198     0.29   0.19
   900.00    -2.50  0.00   0.016  0.000  -0.04324513 0.00579261     0.31   0.21
   925.00    -2.51  0.00   0.018  0.000  -0.04339876 0.00638149     0.33   0.23
   950.00    -2.51  0.00   0.020  0.000  -0.04338928 0.00702542     0.35   0.25
   975.00    -2.51  0.00   0.023  0.000  -0.04321258 0.00773253     0.37   0.28
  1000.00    -2.49  0.00   0.026  0.000  -0.04286522 0.00851250     0.40   0.31
  1025.00    -2.47  0.00   0.030  0.000  -0.04234477 0.00937679     0.42   0.34
  1050.00    -2.43  0.00   0.034  0.000  -0.04165026 0.01033872     0.45   0.37
  1075.00    -2.39  0.00   0.038  0.000  -0.04078276 0.01141340     0.48   0.41
  1100.00    -2.33  0.00   0.044  0.000  -0.03974604 0.01261760     0.52   0.45
  1125.00    -2.27  0.00   0.049  0.000  -0.03854703 0.01396916     0.56   0.49
  1150.00    -2.20  0.00   0.055  0.000  -0.03719626 0.01548655     0.60   0.54
  1175.00    -2.11  0.00   0.062  0.000  -0.03570807 0.01718820     0.65   0.59
  1200.00    -2.03  0.00   0.070  0.000  -0.03410073 0.01909194     0.70   0.64
  1225.00    -1.94  0.00   0.079  0.000  -0.03239686 0.02121448     0.76   0.70
  1250.00    -1.84  0.00   0.088  0.000  -0.03062330 0.02357068     0.82   0.77
  1275.00    -1.74  0.00   0.099  0.000  -0.02881181 0.02617271     0.89   0.84
  1300.00    -1.64  0.00   0.110  0.000  -0.02699909 0.02902896     0.96   0.91
  1325.00    -1.54  0.00   0.122  0.000  -0.02522688 0.03214237     1.04   0.98
  1350.00    -1.45  0.00   0.135  0.000  -0.02354159 0.03550844     1.12   1.06
  1375.00    -1.37  0.00   0.148  0.000  -0.02199321 0.03911305     1.20   1.14
  1400.00    -1.29  0.00   0.163  0.000  -0.02063327 0.04292966     1.29   1.22
  1425.00    -1.23  0.00   0.177  0.000  -0.01951109 0.04691726     1.38   1.31
  1450.00    -1.19  0.00   0.192  0.000  -0.01866904 0.05101925     1.47   1.39
  1475.00    -1.17  0.00   0.207  0.000  -0.01813594 0.05516422     1.56   1.46
  1500.00    -1.16  0.00   0.222  0.000  -0.01792073 0.05926979     1.64   1.53
  1525.00    -1.18  0.00   0.236  0.000  -0.01800721 0.06324960     1.71   1.59
  1550.00    -1.21  0.00   0.249  0.000  -0.01835171 0.06702344     1.78   1.65
  1575.00    -1.26  0.00   0.261  0.000  -0.01888621 0.07052790     1.83   1.69
  1600.00    -1.31  0.00   0.272  0.000  -0.01952583 0.07372553     1.88   1.73
  1625.00    -1.36  0.00   0.281  0.000  -0.02018033 0.07660951     1.92   1.76
  1650.00    -1.41  0.00   0.290  0.000  -0.02076650 0.07920246     1.94   1.78
  1675.00    -1.45  0.00   0.298  0.000  -0.02121783 0.08155023     1.96   1.79
  1700.00    -1.48  0.00   0.305  0.000  -0.02149051 0.08371253     1.98   1.80
  1725.00    -1.49  0.00   0.312  0.000  -0.02156391 0.08575309     1.99   1.81
  1750.00    -1.49  0.00   0.318  0.000  -0.02143785 0.08773196     2.00   1.82
  1775.00    -1.47  0.00   0.325  0.000  -0.02112768 0.08969980     2.01   1.82
  1800.00    -1.45  0.00   0.331  0.000  -0.02065868 0.09169600     2.02   1.83
  1825.00    -1.41  0.00   0.338  0.000  -0.02006123 0.09374800     2.03   1.83
  1850.00    -1.37  0.00   0.345  0.000  -0.01936688 0.09587269     2.05   1.84
  1875.00    -1.33  0.00   0.352  0.000  -0.01860598 0.09807821     2.06   1.85
  1900.00    -1.28  0.00   0.360  0.000  -0.01780604 0.10036603     2.07   1.86
  1925.00    -1.22  0.00   0.368  0.000  -0.01699109 0.10273252     2.09   1.87
  1950.00    -1.17  0.00   0.375  0.000  -0.01618128 0.10517088     2.11   1.88
  1975.00    -1.12  0.00   0.383  0.000  -0.01539319 0.10767190     2.12   1.89
  2000.00    -1.08  0.00   0.391  0.000  -0.01464020 0.11022562     2.14   1.90
  2025.00    -1.03  0.00   0.400  0.000  -0.01393266 0.11282109     2.16   1.91
  2050.00    -0.99  0.00   0.408  0.000  -0.01327864 0.11544762     2.18   1.92
  2075.00    -0.95  0.00   0.416  0.000  -0.01268386 0.11809484     2.20   1.93
  2100.00    -0.92  0.00   0.424  0.000  -0.01215261 0.12075268     2.21   1.94
  2125.00    -0.89  0.00   0.432  0.000  -0.01168745 0.12341187     2.23   1.95
  2150.00    -0.86  0.00   0.440  0.000  -0.01129014 0.12606357     2.25   1.96
  2175.00    -0.85  0.00   0.448  0.000  -0.01096122 0.12869982     2.26   1.97
  2200.00    -0.83  0.00   0.456  0.000  -0.01070066 0.13131338     2.28   1.98
  2225.00    -0.82  0.00   0.463  0.000  -0.01050774 0.13389765     2.29   1.98
  2250.00    -0.82  0.00   0.471  0.000  -0.01038145 0.13644646     2.31   1.99
  2275.00    -0.82  0.00   0.478  0.000  -0.01032020 0.13895473     2.32   1.99
  2300.00    -0.82  0.00   0.485  0.000  -0.01032241 0.14141732     2.33   2.00
  2325.00    -0.84  0.00   0.492  0.000  -0.01038609 0.14383009     2.34   2.00
  2350.00    -0.85  0.00   0.499  0.000  -0.01050912 0.14618941     2.35   2.00
  2375.00    -0.87  0.00   0.505  0.000  -0.01068955 0.14849168     2.35   2.00
  2400.00    -0.90  0.00   0.512  0.000  -0.01092506 0.15073404     2.36   2.00
  2425.00    -0.93  0.00   0.518  0.000  -0.01121362 0.15291396     2.37   2.00
  2450.00    -0.96  0.00   0.523  0.000  -0.01155276 0.15502912     2.37   2.00
  2475.00    -1.00  0.00   0.529  0.000  -0.01194062 0.15707761     2.37   2.00
  2500.00    -1.04  0.00   0.534  0.000  -0.01237491 0.15905800     2.38   2.00