     0.00    -0.00  0.00   0.000  0.000  -0.00000000-0.00000000    -0.00  -0.00
    25.00    -0.00  0.00  -0.000  0.000  -0.00000000 0.00000000     0.00   0.00
    50.00    -0.00  0.00  -0.000  0.000  -0.00000000 0.00000000     0.00   0.00
    75.00    -0.00  0.00  -0.000  0.000  -0.00000001 0.00000000     0.00   0.00
   100.00    -0.00  0.00  -0.000  0.000  -0.00000007 0.00000000     0.00   0.00
   125.00    -0.00  0.00  -0.000  0.000  -0.00000037 0.00000000     0.00   0.00
   150.00    -0.00  0.00  -0.000  0.000  -0.00000125 0.00000000     0.00   0.00
   175.00    -0.00  0.00  -0.000  0.000  -0.00000325 0.00000000     0.00   0.00
   200.00    -0.00  0.00  -0.000  0.000  -0.00000694 0.00000000     0.00   0.00
   225.00    -0.00  0.00  -0.000  0.000  -0.00001284 0.00000000     0.00   0.00
   250.00    -0.00  0.00  -0.000  0.000  -0.00002126 0.00000000     0.00   0.00
   275.00    -0.00  0.00  -0.000  0.000  -0.00003225 0.00000000     0.00   0.00
   300.00    -0.00  0.00  -0.000  0.000  -0.00004557 0.00000001     0.00   0.00
   325.00    -0.00  0.00   0.000  0.000  -0.00006067 0.00000004     0.00   0.00
   350.00    -0.00  0.00   0.000  0.000  -0.00007677 0.00000011     0.00   0.00
   375.00    -0.01  0.00   0.000  0.000  -0.00009284 0.00000026     0.00   0.00
   400.00    -0.01  0.00   0.000  0.000  -0.00010768 0.00000052     0.00   0.00
   425.00    -0.01  0.00   0.000  0.000  -0.00011993 0.00000096     0.00   0.00
   450.00    -0.01  0.00   0.000  0.000  -0.00012814 0.00000167     0.00   0.00
   475.00    -0.01  0.00   0.000  0.000  -0.00013074 0.00000279     0.00   0.00
   500.00    -0.01  0.00   0.000  0.000  -0.00012609 0.00000448     0.00   0.00
   525.00    -0.01  0.00   0.000  0.000  -0.00011249 0.00000699     0.00   0.00
   550.00    -0.01  0.00   0.000  0.000  -0.00008819 0.00001062     0.00   0.00
   575.00    -0.00  0.00   0.000  0.000  -0.00005138 0.00001580     0.00   0.00
   600.00    -0.00  0.00   0.000  0.000  -0.00000021 0.00002303     0.00   0.00
   625.00     0.00  0.00   0.000  0.000   0.00006717 0.00003298     0.00   0.00
   650.00     0.01  0.00   0.000  0.000   0.00015266 0.00004643     0.01   0.01
   675.00     0.01  0.00   0.000  0.000   0.00025817 0.00006436     0.01   0.01
   700.00     0.02  0.00   0.000  0.000   0.00038560 0.00008788     0.01   0.01
   725.00     0.03  0.00   0.000  0.000   0.00053686 0.00011834     0.01   0.01
   750.00     0.04  0.00   0.001  0.000   0.00071382 0.00015727     0.02   0.02
   775.00     0.05  0.00   0.001  0.000   0.00091834 0.00020643     0.02   0.02
   800.00     0.07  0.00   0.001  0.000   0.00115221 0.00026782     0.03   0.03
   825.00     0.08  0.00   0.001  0.000   0.00141713 0.00034369     0.03   0.03
   850.00     0.10  0.00   0.002  0.000   0.00171474 0.00043651     0.04   0.04
   875.00     0.12  0.00   0.002  0.000   0.00204653 0.00054905     0.05   0.05
   900.00     0.14  0.00   0.003  0.000   0.00241383 0.00068433     0.06   0.06
   925.00     0.16  0.00   0.003  0.000   0.00281779 0.00084562     0.07   0.07
   950.00     0.19  0.00   0.004  0.000   0.00325937 0.00103646     0.09   0.09
   975.00     0.21  0.00   0.005  0.000   0.00373924 0.00126063     0.10   0.10
  1000.00     0.24  0.00   0.006  0.000   0.00425777 0.00152215     0.12   0.12
  1025.00     0.28  0.00   0.007  0.000   0.00481503 0.00182525     0.14   0.14
  1050.00     0.31  0.00   0.009  0.000   0.00541071 0.00217435     0.16   0.16
  1075.00     0.35  0.00   0.010  0.000   0.00604409 0.00257402     0.18   0.18
  1100.00     0.39  0.00   0.012  0.000   0.00671400 0.00302895     0.21   0.20
  1125.00     0.43  0.00   0.014  0.000   0.00741878 0.00354387     0.24   0.23
  1150.00     0.47  0.00   0.016  0.000   0.00815630 0.00412356     0.27   0.26
  1175.00     0.52  0.00   0.019  0.000   0.00892387 0.00477271     0.30   0.29
  1200.00     0.56  0.00   0.021  0.000   0.00971825 0.00549589     0.34   0.33
  1225.00     0.61  0.00   0.025  0.000   0.01053567 0.00629750     0.37   0.37
  1250.00     0.66  0.00   0.028  0.000   0.01137180 0.00718160     0.42   0.41
  1275.00     0.71  0.00   0.032  0.000   0.01222179 0.00815189     0.46   0.45
  1300.00     0.76  0.00   0.036  0.000   0.01308032 0.00921164     0.51   0.49
  1325.00     0.82  0.00   0.040  0.000   0.01394162 0.01036355     0.56   0.54
  1350.00     0.87  0.00   0.045  0.000   0.01479958 0.01160972     0.61   0.59
  1375.00     0.92  0.00   0.050  0.000   0.01564778 0.01295162     0.67   0.64
  1400.00     0.97  0.00   0.056  0.000   0.01647964 0.01438995     0.72   0.70
  1425.00     1.02  0.00   0.061  0.000   0.01728845 0.01592464     0.78   0.75
  1450.00     1.07  0.00   0.068  0.000   0.01806756 0.01755494     0.84   0.81
  1475.00     1.12  0.00   0.074  0.000   0.01881040 0.01927921     0.91   0.87
  1500.00     1.17  0.00   0.081  0.000   0.01951066 0.02109520     0.97   0.93
  1525.00     1.21  0.00   0.088  0.000   0.02016236 0.02299982     1.04   0.99
  1550.00     1.25  0.00   0.096  0.000   0.02075994 0.02498940     1.10   1.06
  1575.00     1.29  0.00   0.103  0.000   0.02129840 0.02705965     1.17   1.12
  1600.00     1.32  0.00   0.112  0.000   0.02177326 0.02920582     1.24   1.18
  1625.00     1.36  0.00   0.120  0.000   0.02218075 0.03142273     1.31   1.25
  1650.00     1.38  0.00   0.128  0.000   0.02251773 0.03370485     1.38   1.31
  1675.00     1.41  0.00   0.137  0.000   0.02278177 0.03604645     1.45   1.37
  1700.00     1.42  0.00   0.146  0.000   0.02297117 0.03844180     1.52   1.44
  1725.00     1.44  0.00   0.155  0.000   0.02308488 0.04088496     1.58   1.50
  1750.00     1.45  0.00   0.164  0.000   0.02312258 0.04337028     1.65   1.56
  1775.00     1.46  0.00   0.173  0.000   0.02308451 0.04589207     1.72   1.62
  1800.00     1.46  0.00   0.182  0.000   0.02297150 0.04844511     1.78   1.68
  1825.00     1.45  0.00   0.192  0.000   0.02278494 0.05102418     1.85   1.73
  1850.00     1.44  0.00   0.201  0.000   0.02252665 0.05362456     1.91   1.79
  1875.00     1.43  0.00   0.210  0.000   0.02219876 0.05624188     1.97   1.84
  1900.00     1.41  0.00   0.220  0.000   0.02180393 0.05887225     2.03   1.89
  1925.00     1.39  0.00   0.229  0.000   0.02134485 0.06151206     2.09   1.94
  1950.00     1.37  0.00   0.238  0.000   0.02082453 0.06415826     2.14   1.99
  1975.00     1.34  0.00   0.248  0.000   0.02024610 0.06680788     2.20   2.04
  2000.00     1.30  0.00   0.257  0.000   0.01961272 0.06945896     2.25   2.08
  2025.00     1.27  0.00   0.266  0.000   0.01892768 0.07210933     2.30   2.12
  2050.00     1.22  0.00   0.275  0.000   0.01819416 0.07475739     2.35   2.16
  2075.00     1.18  0.00   0.284  0.000   0.01741541 0.07740203     2.40   2.20
  2100.00     1.13  0.00   0.293  0.000   0.01659445 0.08004219     2.45   2.24
  2125.00     1.08  0.00   0.302  0.000   0.01573429 0.08267731     2.49   2.28
  2150.00     1.02  0.00   0.311  0.000   0.01483787 0.08530696     2.53   2.31
  2175.00     0.97  0.00   0.320  0.000   0.01390783 0.08793093     2.58   2.35
  2200.00     0.91  0.00   0.329  0.000   0.01294681 0.09054927     2.62   2.38
  2225.00     0.84  0.00   0.337  0.000   0.01195720 0.09316218     2.66   2.41
  2250.00     0.78  0.00   0.346  0.000   0.01094134 0.09576981     2.70   2.44
  2275.00     0.71  0.00   0.354  0.000   0.00990123 0.09837291     2.73   2.46
  2300.00     0.63  0.00   0.363  0.000   0.00883892 0.10097164     2.77   2.49
  2325.00     0.56  0.00   0.371  0.000   0.00775605 0.10356685     2.81   2.51
  2350.00     0.48  0.00   0.379  0.000   0.00665435 0.10615916     2.84   2.54
  2375.00     0.41  0.00   0.388  0.000   0.00553528 0.10874914     2.87   2.56
  2400.00     0.32  0.00   0.396  0.000   0.00440022 0.11133754     2.91   2.58
  2425.00     0.24  0.00   0.404  0.000   0.00325020 0.11392530     2.94   2.60
  2450.00     0.16  0.00   0.412  0.000   0.00208652 0.11651272     2.97   2.62
  2475.00     0.07  0.00   0.420  0.000   0.00091012 0.11910070     3.00   2.64
  2500.00    -0.02  0.00   0.428  0.000  -0.00027835 0.12169032     3.03   2.66