     0.00     0.00  0.00   0.000  0.000   0.00000000-0.00000000    -0.00  -0.00
    25.00     0.00  0.00  -0.000  0.000   0.00000000 0.00000000     0.00   0.00
    50.00     0.00  0.00  -0.000  0.000   0.00000000 0.00000000     0.00   0.00
    75.00     0.00  0.00  -0.000  0.000   0.00000000 0.00000000     0.00   0.00
   100.00     0.00  0.00  -0.000  0.000   0.00000001 0.00000000     0.00   0.00
   125.00     0.00  0.00  -0.000  0.000   0.00000010 0.00000000     0.00   0.00
   150.00     0.00  0.00  -0.000  0.000   0.00000047 0.00000000     0.00   0.00
   175.00     0.00  0.00  -0.000  0.000   0.00000159 0.00000000     0.00   0.00
   200.00     0.00  0.00  -0.000  0.000   0.00000429 0.00000000     0.00   0.00
   225.00     0.00  0.00  -0.000  0.000   0.00000976 0.00000000     0.00   0.00
   250.00     0.00  0.00  -0.000  0.000   0.00001949 0.00000000     0.00   0.00
   275.00     0.00  0.00  -0.000  0.000   0.00003521 0.00000000     0.00   0.00
   300.00     0.00  0.00  -0.000  0.000   0.00005873 0.00000001     0.00   0.00
   325.00     0.01  0.00   0.000  0.000   0.00009187 0.00000004     0.00   0.00
   350.00     0.01  0.00   0.000  0.000   0.00013635 0.00000009     0.00   0.00
   375.00     0.01  0.00   0.000  0.000   0.00019377 0.00000020     0.00   0.00
   400.00     0.02  0.00   0.000  0.000   0.00026551 0.00000039     0.00   0.00
   425.00     0.02  0.00   0.000  0.000   0.00035276 0.00000069     0.00   0.00
   450.00     0.03  0.00   0.000  0.000   0.00045652 0.00000116     0.00   0.00
   475.00     0.03  0.00   0.000  0.000   0.00057756 0.00000185     0.00   0.00
   500.00     0.04  0.00   0.000  0.000   0.00071647 0.00000281     0.00   0.00
   525.00     0.05  0.00   0.000  0.000   0.00087365 0.00000412     0.00   0.00
   550.00     0.06  0.00   0.000  0.000   0.00104936 0.00000586     0.00   0.00
   575.00     0.07  0.00   0.000  0.000   0.00124371 0.00000810     0.00   0.00
   600.00     0.08  0.00   0.000  0.000   0.00145667 0.00001092     0.00   0.00
   625.00     0.10  0.00   0.000  0.000   0.00168812 0.00001438     0.00   0.00
   650.00     0.11  0.00   0.000  0.000   0.00193786 0.00001857     0.00   0.00
   675.00     0.13  0.00   0.000  0.000   0.00220559 0.00002353     0.00   0.00
   700.00     0.14  0.00   0.000  0.000   0.00249098 0.00002931     0.00   0.00
   725.00     0.16  0.00   0.000  0.000   0.00279364 0.00003595     0.01   0.00
   750.00     0.18  0.00   0.000  0.000   0.00311319 0.00004349     0.01   0.00
   775.00     0.20  0.00   0.000  0.000   0.00344918 0.00005194     0.01   0.01
   800.00     0.22  0.00   0.000  0.000   0.00380121 0.00006134     0.01   0.01
   825.00     0.24  0.00   0.000  0.000   0.00416884 0.00007168     0.01   0.01
   850.00     0.26  0.00   0.000  0.000   0.00455168 0.00008300     0.01   0.01
   875.00     0.28  0.00   0.000  0.000   0.00494932 0.00009530     0.01   0.01
   900.00     0.31  0.00   0.000  0.000   0.00536142 0.00010860     0.01   0.01
   925.00     0.33  0.00   0.000  0.000   0.00578762 0.00012293     0.01   0.01
   950.00     0.36  0.00   0.000  0.000   0.00622765 0.00013834     0.01   0.01
   975.00     0.38  0.00   0.000  0.000   0.00668125 0.00015486     0.01   0.01
  1000.00     0.41  0.00   0.000  0.000   0.00714819 0.00017256     0.02   0.01
  1025.00     0.44  0.00   0.001  0.000   0.00762833 0.00019152     0.02   0.01
  1050.00     0.47  0.00   0.001  0.000   0.00812155 0.00021184     0.02   0.01
  1075.00     0.49  0.00   0.001  0.000   0.00862778 0.00023366     0.02   0.01
  1100.00     0.52  0.00   0.001  0.000   0.00914703 0.00025713     0.02   0.01
  1125.00     0.55  0.00   0.001  0.000   0.00967932 0.00028245     0.02   0.02
  1150.00     0.59  0.00   0.001  0.000   0.01022478 0.00030984     0.02   0.02
  1175.00     0.62  0.00   0.001  0.000   0.01078357 0.00033958     0.03   0.02
  1200.00     0.65  0.00   0.001  0.000   0.01135589 0.00037198     0.03   0.02
  1225.00     0.68  0.00   0.001  0.000   0.01194206 0.00040742     0.03   0.02
  1250.00     0.72  0.00   0.001  0.000   0.01254239 0.00044634     0.03   0.02
  1275.00     0.75  0.00   0.001  0.000   0.01315728 0.00048922     0.03   0.02
  1300.00     0.79  0.00   0.001  0.000   0.01378717 0.00053663     0.04   0.02
  1325.00     0.83  0.00   0.002  0.000   0.01443255 0.00058922     0.04   0.02
  1350.00     0.87  0.00   0.002  0.000   0.01509400 0.00064771     0.04   0.03
  1375.00     0.90  0.00   0.002  0.000   0.01577211 0.00071291     0.04   0.03
  1400.00     0.94  0.00   0.002  0.000   0.01646752 0.00078575     0.05   0.03
  1425.00     0.99  0.00   0.002  0.000   0.01718090 0.00086725     0.05   0.03
  1450.00     1.03  0.00   0.003  0.000   0.01791300 0.00095855     0.06   0.04
  1475.00     1.07  0.00   0.003  0.000   0.01866454 0.00106093     0.06   0.04
  1500.00     1.12  0.00   0.003  0.000   0.01943633 0.00117580     0.06   0.04
  1525.00     1.16  0.00   0.004  0.000   0.02022913 0.00130474     0.07   0.05
  1550.00     1.21  0.00   0.004  0.000   0.02104374 0.00144948     0.08   0.05
  1575.00     1.26  0.00   0.005  0.000   0.02188095 0.00161196     0.08   0.06
  1600.00     1.31  0.00   0.005  0.000   0.02274151 0.00179429     0.09   0.06
  1625.00     1.36  0.00   0.006  0.000   0.02362614 0.00199882     0.10   0.07
  1650.00     1.41  0.00   0.006  0.000   0.02453546 0.00222815     0.11   0.08
  1675.00     1.47  0.00   0.007  0.000   0.02546998 0.00248509     0.12   0.09
  1700.00     1.52  0.00   0.008  0.000   0.02643015 0.00277275     0.13   0.10
  1725.00     1.58  0.00   0.009  0.000   0.02741613 0.00309453     0.14   0.11
  1750.00     1.64  0.00   0.011  0.000   0.02842798 0.00345411     0.16   0.12
  1775.00     1.70  0.00   0.012  0.000   0.02946530 0.00385545     0.17   0.13
  1800.00     1.76  0.00   0.013  0.000   0.03052754 0.00430290     0.19   0.15
  1825.00     1.83  0.00   0.015  0.000   0.03161358 0.00480102     0.21   0.16
  1850.00     1.89  0.00   0.017  0.000   0.03272178 0.00535465     0.23   0.18
  1875.00     1.96  0.00   0.019  0.000   0.03384992 0.00596892     0.25   0.20
  1900.00     2.03  0.00   0.022  0.000   0.03499517 0.00664908     0.27   0.22
  1925.00     2.10  0.00   0.024  0.000   0.03615375 0.00740052     0.30   0.25
  1950.00     2.17  0.00   0.027  0.000   0.03732106 0.00822862     0.33   0.27
  1975.00     2.24  0.00   0.030  0.000   0.03849138 0.00913853     0.36   0.30
  2000.00     2.31  0.00   0.034  0.000   0.03965807 0.01013520     0.39   0.33
  2025.00     2.39  0.00   0.038  0.000   0.04081326 0.01122291     0.43   0.36
  2050.00     2.46  0.00   0.042  0.000   0.04194792 0.01240518     0.47   0.40
  2075.00     2.53  0.00   0.047  0.000   0.04305203 0.01368452     0.51   0.43
  2100.00     2.60  0.00   0.052  0.000   0.04411443 0.01506194     0.55   0.47
  2125.00     2.67  0.00   0.057  0.000   0.04512331 0.01653695     0.60   0.51
  2150.00     2.73  0.00   0.063  0.000   0.04606624 0.01810698     0.65   0.56
  2175.00     2.79  0.00   0.069  0.000   0.04693063 0.01976732     0.70   0.60
  2200.00     2.85  0.00   0.075  0.000   0.04770424 0.02151095     0.75   0.65
  2225.00     2.90  0.00   0.082  0.000   0.04837561 0.02332853     0.80   0.70
  2250.00     2.94  0.00   0.089  0.000   0.04893456 0.02520823     0.85   0.75
  2275.00     2.98  0.00   0.096  0.000   0.04937297 0.02713649     0.91   0.80
  2300.00     3.01  0.00   0.103  0.000   0.04968493 0.02909769     0.96   0.85
  2325.00     3.04  0.00   0.110  0.000   0.04986745 0.03107542     1.01   0.90
  2350.00     3.05  0.00   0.118  0.000   0.04992056 0.03305259     1.06   0.95
  2375.00     3.06  0.00   0.125  0.000   0.04984731 0.03501229     1.11   0.99
  2400.00     3.06  0.00   0.132  0.000   0.04965396 0.03693848     1.16   1.04
  2425.00     3.05  0.00   0.139  0.000   0.04934921 0.03881681     1.20   1.08
  2450.00     3.04  0.00   0.146  0.000   0.04894425 0.04063461     1.24   1.12
  2475.00     3.02  0.00   0.153  0.000   0.04845196 0.04238194     1.28   1.16
  2500.00     3.00  0.00   0.159  0.000   0.04788631 0.04405167     1.32   1.19