     0.00    -0.00  0.00  -0.000  0.000  -0.00000000 0.00000000     0.00   0.00
    25.00    -0.01  0.00  -0.000  0.000  -0.00008972 0.00000001     0.00   0.00
    50.00    -0.04  0.00  -0.000  0.000  -0.00067875 0.00000046     0.00   0.00
    75.00    -0.12  0.00  -0.000  0.000  -0.00210304 0.00000442     0.01   0.00
   100.00    -0.26  0.00   0.000  0.000  -0.00447841 0.00002006     0.03   0.00
   125.00    -0.44  0.00  -0.000  0.000  -0.00774791 0.00006003     0.05   0.00
   150.00    -0.67  0.00  -0.000  0.000  -0.01176262 0.00013838     0.09   0.00
   175.00    -0.94  0.00   0.000  0.000  -0.01634584 0.00026726     0.13   0.00
   200.00    -1.22  0.00  -0.000  0.000  -0.02132851 0.00045511     0.17  -0.00
   225.00    -1.52  0.00  -0.000  0.000  -0.02656341 0.00070611     0.22  -0.00
   250.00    -1.83  0.00  -0.000  0.000  -0.03192801 0.00102044     0.26   0.00
   275.00    -2.14  0.00  -0.000  0.000  -0.03732206 0.00139488     0.30   0.00
   300.00    -2.45  0.00   0.000  0.000  -0.04266284 0.00183300     0.34   0.00
   325.00    -2.75  0.00   0.000  0.000  -0.04788195 0.00233354     0.38   0.01
   350.00    -3.04  0.00   0.000  0.000  -0.05292219 0.00288536     0.42   0.01
   375.00    -3.32  0.00   0.001  0.000  -0.05773383 0.00348138     0.45   0.02
   400.00    -3.58  0.00   0.001  0.000  -0.06227188 0.00411404     0.48   0.03
   425.00    -3.82  0.00   0.001  0.000  -0.06649429 0.00477591     0.51   0.04
   450.00    -4.05  0.00   0.002  0.000  -0.07035954 0.00546034     0.53   0.05
   475.00    -4.25  0.00   0.003  0.000  -0.07382502 0.00616273     0.56   0.06
   500.00    -4.43  0.00   0.004  0.000  -0.07684585 0.00688227     0.57   0.08
   525.00    -4.58  0.00   0.005  0.000  -0.07937428 0.00762391     0.59   0.10
   550.00    -4.70  0.00   0.007  0.000  -0.08136009 0.00840017     0.61   0.12
   575.00    -4.79  0.00   0.009  0.000  -0.08275080 0.00923277     0.62   0.16
   600.00    -4.84  0.00   0.012  0.000  -0.08349181 0.01015488     0.64   0.20
   625.00    -4.85  0.00   0.016  0.000  -0.08352751 0.01121398     0.67   0.25
   650.00    -4.82  0.00   0.022  0.000  -0.08280309 0.01247551     0.70   0.31
   675.00    -4.75  0.00   0.029  0.000  -0.08126814 0.01402687     0.75   0.39
   700.00    -4.63  0.00   0.038  0.000  -0.07888212 0.01598174     0.81   0.48
   725.00    -4.46  0.00   0.050  0.000  -0.07562273 0.01848365     0.89   0.60
   750.00    -4.25  0.00   0.064  0.000  -0.07149823 0.02170782     1.00   0.74
   775.00    -4.00  0.00   0.083  0.000  -0.06656302 0.02585893     1.14   0.91
   800.00    -3.70  0.00   0.106  0.000  -0.06093644 0.03116214     1.31   1.11
   825.00    -3.38  0.00   0.134  0.000  -0.05482228 0.03784370     1.53   1.35
   850.00    -3.05  0.00   0.166  0.000  -0.04852253 0.04609895     1.78   1.61
   875.00    -2.73  0.00   0.204  0.000  -0.04243843 0.05604749     2.09   1.90
   900.00    -2.45  0.00   0.247  0.000  -0.03704775 0.06768262     2.42   2.21
   925.00    -2.24  0.00   0.293  0.000  -0.03285329 0.08082782     2.79   2.53
   950.00    -2.14  0.00   0.341  0.000  -0.03030515 0.09512172     3.17   2.83
   975.00    -2.18  0.00   0.388  0.000  -0.02971620 0.11004337     3.54   3.12
  1000.00    -2.38  0.00   0.434  0.000  -0.03119681 0.12498511     3.88   3.37
  1025.00    -2.74  0.00   0.475  0.000  -0.03463591 0.13935004     4.19   3.57
  1050.00    -3.26  0.00   0.511  0.000  -0.03973374 0.15264396     4.44   3.72
  1075.00    -3.91  0.00   0.541  0.000  -0.04607306 0.16453384     4.64   3.82
  1100.00    -4.65  0.00   0.566  0.000  -0.05320030 0.17486262     4.79   3.87
  1125.00    -5.43  0.00   0.585  0.000  -0.06069214 0.18362552     4.88   3.89
  1150.00    -6.22  0.00   0.599  0.000  -0.06819765 0.19092931     4.93   3.87
  1175.00    -6.99  0.00   0.610  0.000  -0.07545462 0.19694701     4.95   3.83
  1200.00    -7.72  0.00   0.617  0.000  -0.08228718 0.20187877     4.94   3.77
  1225.00    -8.38  0.00   0.623  0.000  -0.08859338 0.20592542     4.90   3.71
  1250.00    -8.99  0.00   0.626  0.000  -0.09432816 0.20927063     4.85   3.63
  1275.00    -9.53  0.00   0.629  0.000  -0.09948715 0.21207362     4.80   3.55
  1300.00   -10.01  0.00   0.631  0.000  -0.10409229 0.21446645     4.73   3.48
  1325.00   -10.45  0.00   0.632  0.000  -0.10818174 0.21655571     4.66   3.40
  1350.00   -10.83  0.00   0.633  0.000  -0.11180196 0.21842524     4.59   3.33
  1375.00   -11.17  0.00   0.634  0.000  -0.11500214 0.22013964     4.52   3.25
  1400.00   -11.48  0.00   0.635  0.000  -0.11783180 0.22174817     4.45   3.19
  1425.00   -11.75  0.00   0.636  0.000  -0.12033765 0.22328731     4.38   3.12
  1450.00   -12.00  0.00   0.637  0.000  -0.12256341 0.22478414     4.32   3.06
  1475.00   -12.23  0.00   0.638  0.000  -0.12454882 0.22625805     4.25   3.00
  1500.00   -12.45  0.00   0.640  0.000  -0.12632988 0.22772278     4.19   2.94
  1525.00   -12.64  0.00   0.641  0.000  -0.12793843 0.22918768     4.13   2.89
  1550.00   -12.83  0.00   0.643  0.000  -0.12940292 0.23065883     4.08   2.84
  1575.00   -13.01  0.00   0.645  0.000  -0.13074884 0.23214015     4.02   2.79
  1600.00   -13.18  0.00   0.647  0.000  -0.13199806 0.23363350     3.97   2.75
  1625.00   -13.35  0.00   0.648  0.000  -0.13317007 0.23513973     3.92   2.70
  1650.00   -13.51  0.00   0.650  0.000  -0.13428229 0.23665889     3.87   2.66
  1675.00   -13.67  0.00   0.653  0.000  -0.13534975 0.23819005     3.83   2.62
  1700.00   -13.83  0.00   0.655  0.000  -0.13638575 0.23973258     3.78   2.58
  1725.00   -13.99  0.00   0.657  0.000  -0.13740177 0.24128491     3.74   2.54
  1750.00   -14.15  0.00   0.659  0.000  -0.13840820 0.24284607     3.70   2.51
  1775.00   -14.31  0.00   0.661  0.000  -0.13941406 0.24441457     3.66   2.47
  1800.00   -14.47  0.00   0.663  0.000  -0.14042701 0.24598929     3.62   2.44
  1825.00   -14.63  0.00   0.665  0.000  -0.14145394 0.24756910     3.58   2.41
  1850.00   -14.80  0.00   0.667  0.000  -0.14250131 0.24915305     3.55   2.37
  1875.00   -14.97  0.00   0.669  0.000  -0.14357392 0.25074008     3.51   2.34
  1900.00   -15.15  0.00   0.671  0.000  -0.14467669 0.25232992     3.48   2.31
  1925.00   -15.32  0.00   0.673  0.000  -0.14581379 0.25392190     3.44   2.28
  1950.00   -15.51  0.00   0.674  0.000  -0.14698823 0.25551558     3.41   2.25
  1975.00   -15.70  0.00   0.676  0.000  -0.14820351 0.25711089     3.38   2.22
  2000.00   -15.89  0.00   0.678  0.000  -0.14946194 0.25870815     3.35   2.20
  2025.00   -16.08  0.00   0.679  0.000  -0.15076610 0.26030684     3.32   2.17
  2050.00   -16.29  0.00   0.681  0.000  -0.15211765 0.26190791     3.29   2.14
  2075.00   -16.49  0.00   0.682  0.000  -0.15351827 0.26351154     3.27   2.11
  2100.00   -16.71  0.00   0.683  0.000  -0.15496896 0.26511809     3.24   2.09
  2125.00   -16.93  0.00   0.684  0.000  -0.15647157 0.26672870     3.21   2.06
  2150.00   -17.15  0.00   0.685  0.000  -0.15802617 0.26834372     3.19   2.04
  2175.00   -17.38  0.00   0.686  0.000  -0.15963371 0.26996446     3.17   2.01
  2200.00   -17.61  0.00   0.687  0.000  -0.16129453 0.27159169     3.14   1.99
  2225.00   -17.85  0.00   0.688  0.000  -0.16300905 0.27322659     3.12   1.96
  2250.00   -18.10  0.00   0.689  0.000  -0.16477740 0.27487004     3.10   1.94
  2275.00   -18.35  0.00   0.689  0.000  -0.16659944 0.27652377     3.07   1.92
  2300.00   -18.61  0.00   0.690  0.000  -0.16847461 0.27818841     3.05   1.89
  2325.00   -18.87  0.00   0.690  0.000  -0.17040358 0.27986571     3.03   1.87
  2350.00   -19.14  0.00   0.690  0.000  -0.17238493 0.28155714     3.01   1.85
  2375.00   -19.41  0.00   0.690  0.000  -0.17441879 0.28326374     2.99   1.82
  2400.00   -19.69  0.00   0.690  0.000  -0.17650411 0.28498736     2.98   1.80
  2425.00   -19.98  0.00   0.690  0.000  -0.17864032 0.28672937     2.96   1.78
  2450.00   -20.26  0.00   0.690  0.000  -0.18082651 0.28849083     2.94   1.76
  2475.00   -20.56  0.00   0.690  0.000  -0.18306157 0.29027379     2.92   1.74
  2500.00   -20.86  0.00   0.690  0.000  -0.18534519 0.29207963     2.91   1.72