     0.00     0.00  0.00   0.000  0.000   0.00000000-0.00000000    -0.00  -0.00
    25.00     0.00  0.00  -0.000  0.000   0.00000000 0.00000000     0.00   0.00
    50.00     0.00  0.00  -0.000  0.000   0.00000000 0.00000000     0.00   0.00
    75.00     0.00  0.00  -0.000  0.000   0.00000000 0.00000000     0.00   0.00
   100.00     0.00  0.00  -0.000  0.000   0.00000001 0.00000000     0.00   0.00
   125.00     0.00  0.00  -0.000  0.000   0.00000007 0.00000000     0.00   0.00
   150.00     0.00  0.00  -0.000  0.000   0.00000034 0.00000000     0.00   0.00
   175.00     0.00  0.00  -0.000  0.000   0.00000115 0.00000000     0.00   0.00
   200.00     0.00  0.00  -0.000  0.000   0.00000311 0.00000000     0.00   0.00
   225.00     0.00  0.00  -0.000  0.000   0.00000707 0.00000000     0.00   0.00
   250.00     0.00  0.00  -0.000  0.000   0.00001414 0.00000000     0.00   0.00
   275.00     0.00  0.00  -0.000  0.000   0.00002562 0.00000000     0.00   0.00
   300.00     0.00  0.00   0.000  0.000   0.00004295 0.00000002     0.00   0.00
   325.00     0.00  0.00   0.000  0.000   0.00006769 0.00000012     0.00   0.00
   350.00     0.01  0.00   0.000  0.000   0.00010147 0.00000034     0.00   0.00
   375.00     0.01  0.00   0.000  0.000   0.00014603 0.00000080     0.00   0.00
   400.00     0.01  0.00   0.000  0.000   0.00020321 0.00000163     0.00   0.00
   425.00     0.02  0.00   0.000  0.000   0.00027494 0.00000303     0.00   0.00
   450.00     0.02  0.00   0.000  0.000   0.00036335 0.00000526     0.00   0.00
   475.00     0.03  0.00   0.000  0.000   0.00047067 0.00000866     0.00   0.00
   500.00     0.03  0.00   0.000  0.000   0.00059938 0.00001361     0.00   0.00
   525.00     0.04  0.00   0.000  0.000   0.00075212 0.00002061     0.00   0.00
   550.00     0.05  0.00   0.000  0.000   0.00093174 0.00003023     0.01   0.01
   575.00     0.07  0.00   0.000  0.000   0.00114132 0.00004316     0.01   0.01
   600.00     0.08  0.00   0.000  0.000   0.00138413 0.00006018     0.01   0.01
   625.00     0.10  0.00   0.000  0.000   0.00166368 0.00008217     0.01   0.01
   650.00     0.11  0.00   0.000  0.000   0.00198366 0.00011015     0.02   0.02
   675.00     0.13  0.00   0.001  0.000   0.00234796 0.00014526     0.02   0.02
   700.00     0.16  0.00   0.001  0.000   0.00276069 0.00018879     0.02   0.02
   725.00     0.18  0.00   0.001  0.000   0.00322612 0.00024217     0.03   0.03
   750.00     0.21  0.00   0.001  0.000   0.00374869 0.00030700     0.04   0.03
   775.00     0.25  0.00   0.001  0.000   0.00433302 0.00038505     0.04   0.04
   800.00     0.29  0.00   0.002  0.000   0.00498388 0.00047830     0.05   0.05
   825.00     0.33  0.00   0.002  0.000   0.00570619 0.00058894     0.06   0.06
   850.00     0.37  0.00   0.003  0.000   0.00650503 0.00071942     0.07   0.07
   875.00     0.42  0.00   0.003  0.000   0.00738558 0.00087243     0.08   0.08
   900.00     0.48  0.00   0.004  0.000   0.00835321 0.00105097     0.09   0.09
   925.00     0.54  0.00   0.005  0.000   0.00941335 0.00125839     0.11   0.10
   950.00     0.61  0.00   0.006  0.000   0.01057161 0.00149840     0.12   0.12
   975.00     0.68  0.00   0.007  0.000   0.01183367 0.00177512     0.14   0.13
  1000.00     0.76  0.00   0.008  0.000   0.01320533 0.00209317     0.16   0.15
  1025.00     0.85  0.00   0.009  0.000   0.01469248 0.00245768     0.18   0.17
  1050.00     0.94  0.00   0.010  0.000   0.01630108 0.00287441     0.21   0.19
  1075.00     1.04  0.00   0.012  0.000   0.01803712 0.00334977     0.24   0.21
  1100.00     1.15  0.00   0.014  0.000   0.01990664 0.00389097     0.27   0.24
  1125.00     1.27  0.00   0.016  0.000   0.02191555 0.00450605     0.30   0.27
  1150.00     1.39  0.00   0.018  0.000   0.02406976 0.00520408     0.34   0.30
  1175.00     1.53  0.00   0.021  0.000   0.02637494 0.00599516     0.38   0.33
  1200.00     1.67  0.00   0.024  0.000   0.02883642 0.00689061     0.42   0.37
  1225.00     1.83  0.00   0.027  0.000   0.03145918 0.00790307     0.47   0.41
  1250.00     2.00  0.00   0.031  0.000   0.03424754 0.00904661     0.52   0.45
  1275.00     2.17  0.00   0.035  0.000   0.03720502 0.01033684     0.58   0.50
  1300.00     2.36  0.00   0.040  0.000   0.04033410 0.01179100     0.65   0.55
  1325.00     2.56  0.00   0.045  0.000   0.04363593 0.01342806     0.72   0.61
  1350.00     2.78  0.00   0.051  0.000   0.04711017 0.01526878     0.80   0.67
  1375.00     3.00  0.00   0.058  0.000   0.05075438 0.01733573     0.89   0.74
  1400.00     3.24  0.00   0.065  0.000   0.05456375 0.01965328     0.99   0.82
  1425.00     3.49  0.00   0.073  0.000   0.05853059 0.02224752     1.09   0.90
  1450.00     3.76  0.00   0.082  0.000   0.06264395 0.02514617     1.21   0.99
  1475.00     4.04  0.00   0.092  0.000   0.06688882 0.02837826     1.33   1.09
  1500.00     4.33  0.00   0.104  0.000   0.07124583 0.03197390     1.47   1.19
  1525.00     4.63  0.00   0.116  0.000   0.07569033 0.03596368     1.62   1.30
  1550.00     4.95  0.00   0.129  0.000   0.08019200 0.04037810     1.78   1.43
  1575.00     5.28  0.00   0.144  0.000   0.08471423 0.04524674     1.96   1.56
  1600.00     5.61  0.00   0.160  0.000   0.08921354 0.05059728     2.15   1.70
  1625.00     5.96  0.00   0.178  0.000   0.09363917 0.05645408     2.35   1.85
  1650.00     6.31  0.00   0.197  0.000   0.09793307 0.06283682     2.57   2.02
  1675.00     6.67  0.00   0.218  0.000   0.10202958 0.06975868     2.80   2.19
  1700.00     7.03  0.00   0.240  0.000   0.10585663 0.07722500     3.05   2.37
  1725.00     7.38  0.00   0.264  0.000   0.10933567 0.08523038     3.30   2.56
  1750.00     7.73  0.00   0.289  0.000   0.11238401 0.09375790     3.57   2.75
  1775.00     8.07  0.00   0.316  0.000   0.11491583 0.10277592     3.84   2.96
  1800.00     8.38  0.00   0.344  0.000   0.11684590 0.11223859     4.13   3.16
  1825.00     8.68  0.00   0.373  0.000   0.11809169 0.12208267     4.42   3.37
  1850.00     8.94  0.00   0.403  0.000   0.11857726 0.13222864     4.70   3.58
  1875.00     9.15  0.00   0.433  0.000   0.11823723 0.14258093     4.99   3.79
  1900.00     9.32  0.00   0.464  0.000   0.11702082 0.15303004     5.27   3.99
  1925.00     9.42  0.00   0.494  0.000   0.11489458 0.16345458     5.54   4.19
  1950.00     9.46  0.00   0.524  0.000   0.11184605 0.17372535     5.80   4.37
  1975.00     9.42  0.00   0.553  0.000   0.10788549 0.18370914     6.04   4.55
  2000.00     9.29  0.00   0.581  0.000   0.10304637 0.19327524     6.26   4.71
  2025.00     9.06  0.00   0.608  0.000   0.09738526 0.20229909     6.46   4.85
  2050.00     8.73  0.00   0.632  0.000   0.09097975 0.21066785     6.62   4.97
  2075.00     8.29  0.00   0.654  0.000   0.08392488 0.21828493     6.77   5.07
  2100.00     7.76  0.00   0.674  0.000   0.07633006 0.22507192     6.88   5.15
  2125.00     7.12  0.00   0.692  0.000   0.06831291 0.23097256     6.96   5.21
  2150.00     6.40  0.00   0.707  0.000   0.05999634 0.23595159     7.01   5.25
  2175.00     5.60  0.00   0.719  0.000   0.05150240 0.23999530     7.03   5.27
  2200.00     4.75  0.00   0.729  0.000   0.04294841 0.24310991     7.03   5.27
  2225.00     3.85  0.00   0.736  0.000   0.03444423 0.24531873     7.00   5.25
  2250.00     2.94  0.00   0.741  0.000   0.02608931 0.24665962     6.95   5.21
  2275.00     2.03  0.00   0.743  0.000   0.01797039 0.24718221     6.87   5.16
  2300.00     1.15  0.00   0.743  0.000   0.01016227 0.24694377     6.78   5.10
  2325.00     0.31  0.00   0.742  0.000   0.00272547 0.24600755     6.67   5.03
  2350.00    -0.48  0.00   0.739  0.000  -0.00429101 0.24443933     6.54   4.94
  2375.00    -1.21  0.00   0.734  0.000  -0.01085055 0.24230543     6.40   4.85
  2400.00    -1.86  0.00   0.728  0.000  -0.01692638 0.23967108     6.26   4.75
  2425.00    -2.44  0.00   0.720  0.000  -0.02250254 0.23659848     6.10   4.65
  2450.00    -2.95  0.00   0.712  0.000  -0.02756875 0.23314703     5.94   4.54
  2475.00    -3.38  0.00   0.703  0.000  -0.03212312 0.22937173     5.78   4.43
  2500.00    -3.75  0.00   0.693  0.000  -0.03616864 0.22532310     5.61   4.31