     0.00     0.01  0.00   0.000  0.000   0.00021188 0.00000004     7.79  -0.00
    25.00     1.52  0.00  -0.000  0.000   0.02659127 0.00070760     7.34   0.00
    50.00     2.99  0.00  -0.000  0.000   0.05212112 0.00272403     7.13   0.00
    75.00     4.35  0.00   0.000  0.000   0.07567111 0.00575929     6.81  -0.00
   100.00     5.57  0.00   0.000  0.000   0.09659149 0.00941863     6.40   0.00
   125.00     6.62  0.00  -0.000  0.000   0.11455568 0.01329989     5.92  -0.00
   150.00     7.51  0.00   0.000  0.000   0.12957801 0.01708226     5.42   0.00
   175.00     8.24  0.00  -0.000  0.000   0.14191571 0.02056290     4.93   0.00
   200.00     8.85  0.00  -0.000  0.000   0.15198343 0.02365870     4.46   0.00
   225.00     9.36  0.00   0.000  0.000   0.16045442 0.02644496     4.05   0.00
   250.00     9.81  0.00   0.000  0.000   0.16788994 0.02902976     3.71   0.00
   275.00    10.22  0.00  -0.000  0.000   0.17453678 0.03145234     3.42  -0.00
   300.00    10.59  0.00   0.001  0.000   0.18051298 0.03401547     3.19   0.03
   325.00    10.94  0.00   0.002  0.000   0.18614824 0.03658534     3.01   0.05
   350.00    11.30  0.00   0.004  0.000   0.19171032 0.03924848     2.86   0.07
   375.00    11.66  0.00   0.006  0.000   0.19744873 0.04214660     2.75   0.09
   400.00    12.06  0.00   0.008  0.000   0.20361312 0.04543653     2.67   0.11
   425.00    12.52  0.00   0.010  0.000   0.21045889 0.04930149     2.64   0.14
   450.00    13.04  0.00   0.014  0.000   0.21825407 0.05396561     2.64   0.17
   475.00    13.65  0.00   0.018  0.000   0.22728691 0.05971329     2.69   0.20
   500.00    14.39  0.00   0.023  0.000   0.23787555 0.06691701     2.79   0.24
   525.00    15.28  0.00   0.030  0.000   0.25038299 0.07608035     2.94   0.29
   550.00    16.38  0.00   0.039  0.000   0.26524103 0.08791538     3.17   0.35
   575.00    17.76  0.00   0.051  0.000   0.28298819 0.10349002     3.50   0.43
   600.00    19.51  0.00   0.066  0.000   0.30433011 0.12453239     3.95   0.52
   625.00    21.84  0.00   0.085  0.000   0.33025551 0.15417236     4.61   0.64
   650.00    25.15  0.00   0.113  0.000   0.36225083 0.19926128     5.63   0.80
   675.00    30.82  0.00   0.164  0.000   0.40227109 0.28293782     7.57   1.10
   700.00    38.30  0.00   0.548  0.000   0.32707202 0.42209926    10.72   3.48
   725.00    39.22  0.00   0.798  0.000   0.22006115 0.45499417    10.99   4.82
   750.00    32.08  0.00   0.906  0.000   0.13793686 0.43322694     9.98   5.22
   775.00    21.00  0.00   0.915  0.000   0.09749720 0.39168829     8.62   5.03
   800.00    15.73  0.00   0.883  0.000   0.08921384 0.35419276     7.45   4.65
   825.00    15.27  0.00   0.840  0.000   0.10159758 0.32785559     6.61   4.24
   850.00    17.41  0.00   0.795  0.000   0.12932914 0.31411448     6.08   3.85
   875.00    21.55  0.00   0.747  0.000   0.17181435 0.31635261     5.88   3.47
   900.00    27.91  0.00   0.696  0.000   0.22809008 0.34514874     6.18   3.11
   925.00    37.05  0.00   0.652  0.000   0.28383839 0.41910443     7.23   2.81
   950.00    48.95  0.00   0.643  0.000   0.29605401 0.54102999     9.00   2.67
   975.00    62.17  0.00   0.686  0.000   0.23132928 0.65799177    10.57   2.76
  1000.00    74.61  0.00   0.748  0.000   0.12847006 0.71568793    11.12   2.90
  1025.00    85.18  0.00   0.793  0.000   0.03810422 0.72415996    10.88   2.98
  1050.00    93.74  0.00   0.817  0.000  -0.02780876 0.71192908    10.36   2.97
  1075.00   100.53  0.00   0.827  0.000  -0.07479031 0.69415438     9.80   2.92
  1100.00   105.89  0.00   0.828  0.000  -0.10906444 0.67606211     9.26   2.84
  1125.00   110.11  0.00   0.826  0.000  -0.13457112 0.65916616     8.76   2.75
  1150.00   113.44  0.00   0.823  0.000  -0.15365748 0.64391387     8.32   2.66
  1175.00   116.07  0.00   0.819  0.000  -0.16784982 0.63045323     7.92   2.57
  1200.00   118.16  0.00   0.816  0.000  -0.17824598 0.61879975     7.56   2.49
  1225.00   119.81  0.00   0.815  0.000  -0.18567941 0.60888070     7.25   2.42
  1250.00   121.10  0.00   0.814  0.000  -0.19079190 0.60056210     6.96   2.36
  1275.00   -57.88  0.00   0.814  0.000  -0.19407682 0.59367758     6.71   2.30
  1300.00   -57.10  0.00   0.815  0.000  -0.19591245 0.58804840     6.48   2.25
  1325.00   -56.51  0.00   0.818  0.000  -0.19658938 0.58349812     6.28   2.20
  1350.00   -56.07  0.00   0.820  0.000  -0.19633050 0.57985985     6.09   2.16
  1375.00   -55.76  0.00   0.824  0.000  -0.19530904 0.57698107     5.93   2.11
  1400.00   -55.55  0.00   0.828  0.000  -0.19366072 0.57472414     5.77   2.08
  1425.00   -55.43  0.00   0.832  0.000  -0.19149381 0.57296669     5.62   2.04
  1450.00   -55.38  0.00   0.837  0.000  -0.18889551 0.57160085     5.49   2.01
  1475.00   -55.39  0.00   0.842  0.000  -0.18593816 0.57053047     5.36   1.98
  1500.00   -55.44  0.00   0.847  0.000  -0.18268257 0.56967235     5.24   1.95
  1525.00   -55.52  0.00   0.853  0.000  -0.17918110 0.56895310     5.13   1.92
  1550.00   -55.63  0.00   0.858  0.000  -0.17547999 0.56830788     5.02   1.90
  1575.00   -55.76  0.00   0.864  0.000  -0.17162073 0.56768054     4.92   1.87
  1600.00   -55.90  0.00   0.870  0.000  -0.16764176 0.56702232     4.82   1.85
  1625.00   -56.03  0.00   0.875  0.000  -0.16357851 0.56629068     4.72   1.82
  1650.00   -56.16  0.00   0.881  0.000  -0.15946496 0.56544805     4.63   1.80
  1675.00   -56.27  0.00   0.887  0.000  -0.15533383 0.56446421     4.53   1.78
  1700.00   -56.36  0.00   0.893  0.000  -0.15121642 0.56331164     4.44   1.76
  1725.00   -56.42  0.00   0.898  0.000  -0.14714396 0.56196845     4.35   1.74
  1750.00   -56.44  0.00   0.903  0.000  -0.14314607 0.56041604     4.27   1.72
  1775.00   -56.42  0.00   0.909  0.000  -0.13925347 0.55864072     4.18   1.70
  1800.00   -56.34  0.00   0.914  0.000  -0.13549535 0.55663174     4.09   1.68
  1825.00   -56.20  0.00   0.919  0.000  -0.13190095 0.55438250     4.01   1.66
  1850.00   -55.99  0.00   0.923  0.000  -0.12849954 0.55188870     3.93   1.64
  1875.00   -55.71  0.00   0.928  0.000  -0.12531918 0.54915053     3.84   1.62
  1900.00   -55.33  0.00   0.932  0.000  -0.12238842 0.54617029     3.76   1.60
  1925.00   -54.87  0.00   0.935  0.000  -0.11973477 0.54295409     3.68   1.59
  1950.00   -54.30  0.00   0.939  0.000  -0.11738482 0.53951097     3.60   1.57
  1975.00   -53.63  0.00   0.942  0.000  -0.11536498 0.53585231     3.52   1.55
  2000.00   -52.86  0.00   0.944  0.000  -0.11370004 0.53199327     3.45   1.53
  2025.00   -51.98  0.00   0.946  0.000  -0.11241438 0.52795148     3.37   1.51
  2050.00   -51.01  0.00   0.948  0.000  -0.11153015 0.52374732     3.29   1.49
  2075.00   -49.95  0.00   0.949  0.000  -0.11106865 0.51940382     3.22   1.47
  2100.00   -48.83  0.00   0.950  0.000  -0.11104923 0.51494575     3.15   1.45
  2125.00   -47.67  0.00   0.950  0.000  -0.11148857 0.51040250     3.08   1.43
  2150.00   -46.48  0.00   0.949  0.000  -0.11240226 0.50580335     3.01   1.41
  2175.00   -45.30  0.00   0.948  0.000  -0.11380197 0.50118166     2.94   1.39
  2200.00   -44.15  0.00   0.946  0.000  -0.11569814 0.49657124     2.87   1.37
  2225.00   -43.06  0.00   0.944  0.000  -0.11809687 0.49200797     2.81   1.35
  2250.00   -42.06  0.00   0.941  0.000  -0.12100201 0.48752964     2.75   1.32
  2275.00   -41.15  0.00   0.937  0.000  -0.12441340 0.48317480     2.69   1.30
  2300.00   -40.35  0.00   0.932  0.000  -0.12832761 0.47898236     2.63   1.28
  2325.00   -39.67  0.00   0.927  0.000  -0.13273779 0.47499201     2.57   1.26
  2350.00   -39.10  0.00   0.921  0.000  -0.13763231 0.47124341     2.52   1.23
  2375.00   -38.65  0.00   0.914  0.000  -0.14299724 0.46777543     2.47   1.21
  2400.00   -38.31  0.00   0.906  0.000  -0.14881247 0.46462741     2.43   1.18
  2425.00   -38.09  0.00   0.898  0.000  -0.15505756 0.46183440     2.38   1.16
  2450.00   -37.96  0.00   0.889  0.000  -0.16170496 0.45943296     2.34   1.13
  2475.00   -37.92  0.00   0.879  0.000  -0.16872539 0.45745572     2.30   1.11
  2500.00   -37.97  0.00   0.868  0.000  -0.17608656 0.45593277     2.27   1.08