     0.17     0.00  0.00   0.000  0.000   0.00000000-0.00000000    -0.00  -0.00
    25.00     0.00  0.00  -0.000  0.000   0.00000000 0.00000000     0.00   0.00
    50.00     0.00  0.00  -0.000  0.000   0.00000000 0.00000000     0.00   0.00
    75.00     0.00  0.00  -0.000  0.000   0.00000001 0.00000000     0.00   0.00
   100.00     0.00  0.00  -0.000  0.000   0.00000014 0.00000000     0.00   0.00
   125.00     0.00  0.00  -0.000  0.000   0.00000072 0.00000000     0.00   0.00
   150.00     0.00  0.00  -0.000  0.000   0.00000249 0.00000000     0.00   0.00
   175.00     0.00  0.00  -0.000  0.000   0.00000658 0.00000000     0.00   0.00
   200.00     0.00  0.00  -0.000  0.000   0.00001439 0.00000000     0.00   0.00
   225.00     0.00  0.00  -0.000  0.000   0.00002729 0.00000000     0.00   0.00
   250.00     0.00  0.00  -0.000  0.000   0.00004649 0.00000000     0.00   0.00
   275.00     0.00  0.00  -0.000  0.000   0.00007282 0.00000001     0.00   0.00
   300.00     0.01  0.00   0.000  0.000   0.00010672 0.00000002     0.00   0.00
   325.00     0.01  0.00   0.000  0.000   0.00014818 0.00000005     0.00   0.00
   350.00     0.01  0.00   0.000  0.000   0.00019683 0.00000012     0.00   0.00
   375.00     0.01  0.00   0.000  0.000   0.00025201 0.00000027     0.00   0.00
   400.00     0.02  0.00   0.000  0.000   0.00031281 0.00000055     0.00   0.00
   425.00     0.02  0.00   0.000  0.000   0.00037820 0.00000108     0.00   0.00
   450.00     0.03  0.00   0.000  0.000   0.00044709 0.00000200     0.00   0.00
   475.00     0.03  0.00   0.000  0.000   0.00051837 0.00000359     0.00   0.00
   500.00     0.03  0.00   0.000  0.000   0.00059096 0.00000621     0.00   0.00
   525.00     0.04  0.00   0.000  0.000   0.00066386 0.00001040     0.00   0.00
   550.00     0.04  0.00   0.000  0.000   0.00073607 0.00001682     0.00   0.00
   575.00     0.05  0.00   0.000  0.000   0.00080667 0.00002629     0.00   0.00
   600.00     0.05  0.00   0.000  0.000   0.00087482 0.00003977     0.01   0.00
   625.00     0.05  0.00   0.000  0.000   0.00093970 0.00005838     0.01   0.01
   650.00     0.06  0.00   0.000  0.000   0.00100057 0.00008337     0.01   0.01
   675.00     0.06  0.00   0.000  0.000   0.00105675 0.00011615     0.01   0.01
   700.00     0.06  0.00   0.001  0.000   0.00110759 0.00015825     0.02   0.02
   725.00     0.07  0.00   0.001  0.000   0.00115247 0.00021137     0.02   0.02
   750.00     0.07  0.00   0.001  0.000   0.00119080 0.00027733     0.03   0.03
   775.00     0.07  0.00   0.001  0.000   0.00122198 0.00035806     0.03   0.03
   800.00     0.07  0.00   0.002  0.000   0.00124543 0.00045565     0.04   0.04
   825.00     0.07  0.00   0.002  0.000   0.00126054 0.00057228     0.05   0.05
   850.00     0.07  0.00   0.003  0.000   0.00126668 0.00071023     0.05   0.05
   875.00     0.07  0.00   0.003  0.000   0.00126319 0.00087189     0.06   0.06
   900.00     0.07  0.00   0.004  0.000   0.00124934 0.00105973     0.08   0.08
   925.00     0.07  0.00   0.005  0.000   0.00122438 0.00127630     0.09   0.09
   950.00     0.07  0.00   0.006  0.000   0.00118747 0.00152422     0.10   0.10
   975.00     0.07  0.00   0.007  0.000   0.00113772 0.00180613     0.12   0.12
  1000.00     0.06  0.00   0.008  0.000   0.00107415 0.00212477     0.13   0.13
  1025.00     0.06  0.00   0.010  0.000   0.00099572 0.00248287     0.15   0.15
  1050.00     0.05  0.00   0.011  0.000   0.00090128 0.00288318     0.17   0.17
  1075.00     0.05  0.00   0.013  0.000   0.00078961 0.00332847     0.19   0.19
  1100.00     0.04  0.00   0.015  0.000   0.00065940 0.00382151     0.21   0.21
  1125.00     0.03  0.00   0.017  0.000   0.00050922 0.00436504     0.23   0.23
  1150.00     0.02  0.00   0.020  0.000   0.00033759 0.00496176     0.26   0.26
  1175.00     0.01  0.00   0.022  0.000   0.00014290 0.00561435     0.28   0.28
  1200.00    -0.00  0.00   0.025  0.000  -0.00007652 0.00632541     0.31   0.31
  1225.00    -0.02  0.00   0.028  0.000  -0.00032246 0.00709751     0.34   0.34
  1250.00    -0.03  0.00   0.031  0.000  -0.00059678 0.00793310     0.37   0.37
  1275.00    -0.05  0.00   0.035  0.000  -0.00090142 0.00883455     0.40   0.40
  1300.00    -0.07  0.00   0.039  0.000  -0.00123841 0.00980413     0.43   0.43
  1325.00    -0.09  0.00   0.043  0.000  -0.00160984 0.01084400     0.47   0.46
  1350.00    -0.12  0.00   0.047  0.000  -0.00201788 0.01195617     0.50   0.50
  1375.00    -0.15  0.00   0.052  0.000  -0.00246474 0.01314255     0.54   0.53
  1400.00    -0.17  0.00   0.057  0.000  -0.00295269 0.01440488     0.58   0.57
  1425.00    -0.21  0.00   0.062  0.000  -0.00348405 0.01574471     0.62   0.61
  1450.00    -0.24  0.00   0.067  0.000  -0.00406115 0.01716350     0.66   0.65
  1475.00    -0.28  0.00   0.073  0.000  -0.00468637 0.01866246     0.70   0.69
  1500.00    -0.32  0.00   0.079  0.000  -0.00536205 0.02024267     0.75   0.73
  1525.00    -0.36  0.00   0.086  0.000  -0.00609059 0.02190503     0.79   0.77
  1550.00    -0.41  0.00   0.092  0.000  -0.00687436 0.02365018     0.84   0.81
  1575.00    -0.47  0.00   0.099  0.000  -0.00771563 0.02547864     0.88   0.86
  1600.00    -0.52  0.00   0.106  0.000  -0.00861678 0.02739071     0.93   0.90
  1625.00    -0.58  0.00   0.114  0.000  -0.00957999 0.02938649     0.98   0.95
  1650.00    -0.65  0.00   0.121  0.000  -0.01060746 0.03146587     1.03   0.99
  1675.00    -0.72  0.00   0.129  0.000  -0.01170127 0.03362850     1.08   1.04
  1700.00    -0.79  0.00   0.138  0.000  -0.01286345 0.03587396     1.13   1.09
  1725.00    -0.87  0.00   0.146  0.000  -0.01409591 0.03820146     1.18   1.13
  1750.00    -0.96  0.00   0.155  0.000  -0.01540047 0.04061021     1.24   1.18
  1775.00    -1.05  0.00   0.164  0.000  -0.01677870 0.04309902     1.29   1.23
  1800.00    -1.15  0.00   0.173  0.000  -0.01823227 0.04566684     1.34   1.27
  1825.00    -1.25  0.00   0.182  0.000  -0.01976254 0.04831209     1.40   1.32
  1850.00    -1.36  0.00   0.192  0.000  -0.02137066 0.05103318     1.45   1.37
  1875.00    -1.48  0.00   0.202  0.000  -0.02305782 0.05382846     1.51   1.41
  1900.00    -1.60  0.00   0.211  0.000  -0.02482479 0.05669601     1.56   1.46
  1925.00    -1.73  0.00   0.221  0.000  -0.02667241 0.05963385     1.62   1.50
  1950.00    -1.87  0.00   0.232  0.000  -0.02860122 0.06263991     1.67   1.55
  1975.00    -2.02  0.00   0.242  0.000  -0.03061153 0.06571175     1.73   1.59
  2000.00    -2.17  0.00   0.252  0.000  -0.03270357 0.06884737     1.78   1.63
  2025.00    -2.33  0.00   0.263  0.000  -0.03487723 0.07204413     1.84   1.68
  2050.00    -2.50  0.00   0.273  0.000  -0.03713233 0.07529955     1.89   1.72
  2075.00    -2.68  0.00   0.283  0.000  -0.03946860 0.07861120     1.95   1.76
  2100.00    -2.86  0.00   0.294  0.000  -0.04188520 0.08197641     2.00   1.80
  2125.00    -3.05  0.00   0.305  0.000  -0.04438154 0.08539260     2.06   1.84
  2150.00    -3.26  0.00   0.315  0.000  -0.04695672 0.08885717     2.11   1.87
  2175.00    -3.47  0.00   0.325  0.000  -0.04960942 0.09236741     2.17   1.91
  2200.00    -3.69  0.00   0.336  0.000  -0.05233834 0.09592068     2.22   1.94
  2225.00    -3.92  0.00   0.346  0.000  -0.05514224 0.09951454     2.27   1.98
  2250.00    -4.16  0.00   0.357  0.000  -0.05801926 0.10314602     2.32   2.01
  2275.00    -4.41  0.00   0.367  0.000  -0.06096777 0.10681302     2.38   2.04
  2300.00    -4.66  0.00   0.377  0.000  -0.06398578 0.11051251     2.43   2.07
  2325.00    -4.93  0.00   0.387  0.000  -0.06707114 0.11424244     2.48   2.10
  2350.00    -5.21  0.00   0.397  0.000  -0.07022187 0.11800025     2.53   2.12
  2375.00    -5.49  0.00   0.406  0.000  -0.07343576 0.12178348     2.57   2.15
  2400.00    -5.79  0.00   0.416  0.000  -0.07670999 0.12558992     2.62   2.17
  2425.00    -6.09  0.00   0.425  0.000  -0.08004264 0.12941757     2.67   2.19
  2450.00    -6.41  0.00   0.434  0.000  -0.08343068 0.13326375     2.72   2.21
  2475.00    -6.73  0.00   0.443  0.000  -0.08687173 0.13712674     2.76   2.23
  2500.00    -7.06  0.00   0.452  0.000  -0.09036317 0.14100495     2.81   2.25