     0.00     0.00  0.00   0.000  0.000   0.00000000 0.00000000     0.00   0.00
    25.00     0.00  0.00  -0.000  0.000   0.00000000 0.00000000     0.00   0.00
    50.00     0.00  0.00  -0.000  0.000   0.00000000 0.00000000     0.00   0.00
    75.00     0.00  0.00  -0.000  0.000   0.00000000 0.00000000     0.00   0.00
   100.00     0.00  0.00  -0.000  0.000   0.00000000 0.00000000     0.00   0.00
   125.00     0.00  0.00  -0.000  0.000   0.00000000 0.00000000     0.00   0.00
   150.00     0.00  0.00  -0.000  0.000   0.00000000 0.00000000     0.00   0.00
   175.00     0.00  0.00  -0.000  0.000   0.00000002 0.00000000     0.00   0.00
   200.00     0.00  0.00  -0.000  0.000   0.00000007 0.00000000     0.00   0.00
   225.00     0.00  0.00  -0.000  0.000   0.00000022 0.00000000     0.00   0.00
   250.00     0.00  0.00  -0.000  0.000   0.00000056 0.00000000     0.00   0.00
   275.00     0.00  0.00  -0.000  0.000   0.00000123 0.00000000     0.00   0.00
   300.00     0.00  0.00  -0.000  0.000   0.00000245 0.00000000     0.00   0.00
   325.00     0.00  0.00  -0.000  0.000   0.00000448 0.00000000     0.00   0.00
   350.00     0.00  0.00  -0.000  0.000   0.00000759 0.00000000     0.00   0.00
   375.00     0.00  0.00  -0.000  0.000   0.00001214 0.00000000     0.00   0.00
   400.00     0.00  0.00  -0.000  0.000   0.00001846 0.00000000     0.00   0.00
   425.00     0.00  0.00  -0.000  0.000   0.00002690 0.00000000     0.00   0.00
   450.00     0.00  0.00  -0.000  0.000   0.00003782 0.00000000     0.00   0.00
   475.00     0.00  0.00  -0.000  0.000   0.00005153 0.00000000     0.00   0.00
   500.00     0.00  0.00  -0.000  0.000   0.00006835 0.00000000     0.00   0.00
   525.00     0.01  0.00  -0.000  0.000   0.00008855 0.00000001     0.00   0.00
   550.00     0.01  0.00  -0.000  0.000   0.00011235 0.00000001     0.00   0.00
   575.00     0.01  0.00   0.000  0.000   0.00013996 0.00000002     0.00   0.00
   600.00     0.01  0.00   0.000  0.000   0.00017153 0.00000003     0.00   0.00
   625.00     0.01  0.00  -0.000  0.000   0.00020718 0.00000004     0.00  -0.00
   650.00     0.01  0.00  -0.000  0.000   0.00024701 0.00000006     0.00   0.00
   675.00     0.02  0.00   0.000  0.000   0.00029104 0.00000008     0.00   0.00
   700.00     0.02  0.00   0.000  0.000   0.00033931 0.00000012     0.00   0.00
   725.00     0.02  0.00  -0.000  0.000   0.00039180 0.00000015     0.00   0.00
   750.00     0.03  0.00   0.000  0.000   0.00044845 0.00000020     0.00   0.00
   775.00     0.03  0.00   0.000  0.000   0.00050921 0.00000026     0.00   0.00
   800.00     0.03  0.00  -0.000  0.000   0.00057398 0.00000033     0.00   0.00
   825.00     0.04  0.00   0.000  0.000   0.00064267 0.00000041     0.00  -0.00
   850.00     0.04  0.00  -0.000  0.000   0.00071513 0.00000051     0.00   0.00
   875.00     0.05  0.00  -0.000  0.000   0.00079125 0.00000063     0.00   0.00
   900.00     0.05  0.00  -0.000  0.000   0.00087086 0.00000076     0.00  -0.00
   925.00     0.05  0.00   0.000  0.000   0.00095381 0.00000091     0.00   0.00
   950.00     0.06  0.00  -0.000  0.000   0.00103994 0.00000108     0.00   0.00
   975.00     0.06  0.00   0.000  0.000   0.00112907 0.00000127     0.00   0.00
  1000.00     0.07  0.00  -0.000  0.000   0.00122102 0.00000149     0.00   0.00
  1025.00     0.08  0.00  -0.000  0.000   0.00131563 0.00000173     0.00   0.00
  1050.00     0.08  0.00   0.000  0.000   0.00141270 0.00000200     0.00   0.00
  1075.00     0.09  0.00   0.000  0.000   0.00151207 0.00000229     0.00   0.00
  1100.00     0.09  0.00  -0.000  0.000   0.00161355 0.00000260     0.00   0.00
  1125.00     0.10  0.00   0.000  0.000   0.00171696 0.00000295     0.00   0.00
  1150.00     0.10  0.00  -0.000  0.000   0.00182213 0.00000332     0.00   0.00
  1175.00     0.11  0.00   0.000  0.000   0.00192888 0.00000372     0.00   0.00
  1200.00     0.12  0.00  -0.000  0.000   0.00203705 0.00000415     0.00   0.00
  1225.00     0.12  0.00   0.000  0.000   0.00214647 0.00000461     0.00   0.00
  1250.00     0.13  0.00   0.000  0.000   0.00225697 0.00000509     0.00   0.00
  1275.00     0.14  0.00  -0.000  0.000   0.00236841 0.00000561     0.00   0.00
  1300.00     0.14  0.00  -0.000  0.000   0.00248061 0.00000615     0.00   0.00
  1325.00     0.15  0.00   0.000  0.000   0.00259345 0.00000673     0.00   0.00
  1350.00     0.16  0.00   0.000  0.000   0.00270677 0.00000733     0.00   0.00
  1375.00     0.16  0.00   0.000  0.000   0.00282043 0.00000795     0.00   0.00
  1400.00     0.17  0.00   0.000  0.000   0.00293430 0.00000861     0.00   0.00
  1425.00     0.17  0.00   0.000  0.000   0.00304825 0.00000929     0.00   0.00
  1450.00     0.18  0.00   0.000  0.000   0.00316216 0.00001000     0.00   0.00
  1475.00     0.19  0.00  -0.000  0.000   0.00327591 0.00001073     0.00   0.00
  1500.00     0.19  0.00  -0.000  0.000   0.00338938 0.00001149     0.00   0.00
  1525.00     0.20  0.00   0.000  0.000   0.00350246 0.00001227     0.00   0.00
  1550.00     0.21  0.00   0.000  0.000   0.00361505 0.00001307     0.00   0.00
  1575.00     0.21  0.00  -0.000  0.000   0.00372704 0.00001389     0.00   0.00
  1600.00     0.22  0.00  -0.000  0.000   0.00383835 0.00001473     0.00   0.00
  1625.00     0.23  0.00  -0.000  0.000   0.00394888 0.00001559     0.00   0.00
  1650.00     0.23  0.00   0.000  0.000   0.00405855 0.00001647     0.00   0.00
  1675.00     0.24  0.00   0.000  0.000   0.00416726 0.00001737     0.00   0.00
  1700.00     0.24  0.00  -0.000  0.000   0.00427495 0.00001828     0.00   0.00
  1725.00     0.25  0.00  -0.000  0.000   0.00438153 0.00001920     0.00   0.00
  1750.00     0.26  0.00   0.000  0.000   0.00448694 0.00002013     0.00   0.00
  1775.00     0.26  0.00  -0.000  0.000   0.00459111 0.00002108     0.00   0.00
  1800.00     0.27  0.00  -0.000  0.000   0.00469398 0.00002203     0.00  -0.00
  1825.00     0.27  0.00   0.000  0.000   0.00479549 0.00002300     0.00   0.00
  1850.00     0.28  0.00  -0.000  0.000   0.00489557 0.00002397     0.00   0.00
  1875.00     0.29  0.00   0.000  0.000   0.00499417 0.00002494     0.00   0.00
  1900.00     0.29  0.00   0.000  0.000   0.00509126 0.00002592     0.00   0.00
  1925.00     0.30  0.00   0.000  0.000   0.00518678 0.00002690     0.00   0.00
  1950.00     0.30  0.00   0.000  0.000   0.00528068 0.00002789     0.00  -0.00
  1975.00     0.31  0.00   0.000  0.000   0.00537292 0.00002887     0.00   0.00
  2000.00     0.31  0.00   0.000  0.000   0.00546346 0.00002985     0.00  -0.00
  2025.00     0.32  0.00  -0.000  0.000   0.00555228 0.00003083     0.00   0.00
  2050.00     0.32  0.00  -0.000  0.000   0.00563932 0.00003180     0.00   0.00
  2075.00     0.33  0.00   0.000  0.000   0.00572457 0.00003277     0.00   0.00
  2100.00     0.33  0.00   0.000  0.000   0.00580799 0.00003373     0.00   0.00
  2125.00     0.34  0.00   0.000  0.000   0.00588955 0.00003469     0.00   0.00
  2150.00     0.34  0.00   0.000  0.000   0.00596924 0.00003563     0.00   0.00
  2175.00     0.35  0.00   0.000  0.000   0.00604702 0.00003657     0.00   0.00
  2200.00     0.35  0.00   0.000  0.000   0.00612287 0.00003749     0.00   0.00
  2225.00     0.36  0.00   0.000  0.000   0.00619678 0.00003840     0.00   0.00
  2250.00     0.36  0.00   0.000  0.000   0.00626873 0.00003930     0.00   0.00
  2275.00     0.36  0.00  -0.000  0.000   0.00633871 0.00004018     0.00   0.00
  2300.00     0.37  0.00  -0.000  0.000   0.00640668 0.00004105     0.00  -0.00
  2325.00     0.37  0.00   0.000  0.000   0.00647265 0.00004190     0.00   0.00
  2350.00     0.37  0.00   0.000  0.000   0.00653661 0.00004273     0.00   0.00
  2375.00     0.38  0.00   0.000  0.000   0.00659854 0.00004354     0.00   0.00
  2400.00     0.38  0.00   0.000  0.000   0.00665843 0.00004434     0.00   0.00
  2425.00     0.38  0.00   0.000  0.000   0.00671628 0.00004511     0.00   0.00
  2450.00     0.39  0.00   0.000  0.000   0.00677208 0.00004586     0.00   0.00
  2475.00     0.39  0.00  -0.000  0.000   0.00682582 0.00004659     0.00   0.00
  2500.00     0.39  0.00  -0.000  0.000   0.00687750 0.00004730     0.00   0.00