     0.00     0.00  0.00   0.000  0.000   0.00000000-0.00000000    -0.00  -0.00
    25.00     0.00  0.00  -0.000  0.000   0.00000000 0.00000000     0.00   0.00
    50.00     0.00  0.00  -0.000  0.000   0.00000000 0.00000000     0.00   0.00
    75.00     0.00  0.00  -0.000  0.000   0.00000000 0.00000000     0.00   0.00
   100.00     0.00  0.00  -0.000  0.000   0.00000000 0.00000000     0.00   0.00
   125.00     0.00  0.00  -0.000  0.000   0.00000000 0.00000000     0.00   0.00
   150.00     0.00  0.00  -0.000  0.000   0.00000003 0.00000000     0.00   0.00
   175.00     0.00  0.00  -0.000  0.000   0.00000015 0.00000000     0.00   0.00
   200.00     0.00  0.00  -0.000  0.000   0.00000051 0.00000000     0.00   0.00
   225.00     0.00  0.00  -0.000  0.000   0.00000142 0.00000000     0.00   0.00
   250.00     0.00  0.00  -0.000  0.000   0.00000336 0.00000000     0.00   0.00
   275.00     0.00  0.00  -0.000  0.000   0.00000705 0.00000000     0.00   0.00
   300.00     0.00  0.00  -0.000  0.000   0.00001340 0.00000000     0.00   0.00
   325.00     0.00  0.00  -0.000  0.000   0.00002350 0.00000000     0.00   0.00
   350.00     0.00  0.00  -0.000  0.000   0.00003856 0.00000000     0.00   0.00
   375.00     0.00  0.00  -0.000  0.000   0.00005989 0.00000001     0.00   0.00
   400.00     0.01  0.00   0.000  0.000   0.00008877 0.00000002     0.00   0.00
   425.00     0.01  0.00   0.000  0.000   0.00012644 0.00000005     0.00   0.00
   450.00     0.01  0.00   0.000  0.000   0.00017406 0.00000010     0.00   0.00
   475.00     0.01  0.00   0.000  0.000   0.00023260 0.00000020     0.00   0.00
   500.00     0.02  0.00   0.000  0.000   0.00030288 0.00000039     0.00   0.00
   525.00     0.02  0.00   0.000  0.000   0.00038550 0.00000071     0.00   0.00
   550.00     0.03  0.00   0.000  0.000   0.00048086 0.00000126     0.00   0.00
   575.00     0.03  0.00   0.000  0.000   0.00058911 0.00000215     0.00   0.00
   600.00     0.04  0.00   0.000  0.000   0.00071019 0.00000358     0.00   0.00
   625.00     0.05  0.00   0.000  0.000   0.00084381 0.00000577     0.00   0.00
   650.00     0.06  0.00   0.000  0.000   0.00098945 0.00000906     0.00   0.00
   675.00     0.07  0.00   0.000  0.000   0.00114637 0.00001384     0.00   0.00
   700.00     0.08  0.00   0.000  0.000   0.00131359 0.00002063     0.00   0.00
   725.00     0.09  0.00   0.000  0.000   0.00148994 0.00003002     0.00   0.00
   750.00     0.10  0.00   0.000  0.000   0.00167402 0.00004272     0.01   0.01
   775.00     0.11  0.00   0.000  0.000   0.00186421 0.00005954     0.01   0.01
   800.00     0.12  0.00   0.000  0.000   0.00205870 0.00008137     0.01   0.01
   825.00     0.13  0.00   0.000  0.000   0.00225549 0.00010917     0.01   0.01
   850.00     0.14  0.00   0.001  0.000   0.00245240 0.00014399     0.02   0.02
   875.00     0.15  0.00   0.001  0.000   0.00264708 0.00018693     0.02   0.02
   900.00     0.16  0.00   0.001  0.000   0.00283705 0.00023915     0.03   0.02
   925.00     0.17  0.00   0.001  0.000   0.00301971 0.00030181     0.03   0.03
   950.00     0.18  0.00   0.001  0.000   0.00319237 0.00037616     0.04   0.04
   975.00     0.19  0.00   0.002  0.000   0.00335227 0.00046342     0.04   0.04
  1000.00     0.20  0.00   0.002  0.000   0.00349660 0.00056488     0.05   0.05
  1025.00     0.21  0.00   0.003  0.000   0.00362254 0.00068183     0.06   0.06
  1050.00     0.21  0.00   0.003  0.000   0.00372726 0.00081560     0.07   0.07
  1075.00     0.22  0.00   0.004  0.000   0.00380797 0.00096753     0.08   0.08
  1100.00     0.22  0.00   0.004  0.000   0.00386191 0.00113903     0.09   0.09
  1125.00     0.22  0.00   0.005  0.000   0.00388638 0.00133149     0.11   0.10
  1150.00     0.22  0.00   0.006  0.000   0.00387879 0.00154640     0.12   0.12
  1175.00     0.22  0.00   0.007  0.000   0.00383662 0.00178527     0.13   0.13
  1200.00     0.22  0.00   0.008  0.000   0.00375746 0.00204965     0.15   0.15
  1225.00     0.21  0.00   0.009  0.000   0.00363906 0.00234117     0.17   0.17
  1250.00     0.20  0.00   0.011  0.000   0.00347929 0.00266149     0.19   0.18
  1275.00     0.19  0.00   0.012  0.000   0.00327617 0.00301234     0.20   0.20
  1300.00     0.17  0.00   0.013  0.000   0.00302792 0.00339551     0.22   0.22
  1325.00     0.16  0.00   0.015  0.000   0.00273291 0.00381286     0.25   0.24
  1350.00     0.14  0.00   0.017  0.000   0.00238973 0.00426629     0.27   0.27
  1375.00     0.12  0.00   0.019  0.000   0.00199719 0.00475778     0.29   0.29
  1400.00     0.09  0.00   0.021  0.000   0.00155429 0.00528936     0.32   0.32
  1425.00     0.06  0.00   0.023  0.000   0.00106031 0.00586309     0.35   0.34
  1450.00     0.03  0.00   0.026  0.000   0.00051474 0.00648112     0.37   0.37
  1475.00    -0.00  0.00   0.028  0.000  -0.00008262 0.00714561     0.40   0.40
  1500.00    -0.04  0.00   0.031  0.000  -0.00073175 0.00785877     0.43   0.43
  1525.00    -0.08  0.00   0.034  0.000  -0.00143231 0.00862280     0.47   0.46
  1550.00    -0.13  0.00   0.037  0.000  -0.00218364 0.00943996     0.50   0.50
  1575.00    -0.17  0.00   0.041  0.000  -0.00298479 0.01031247     0.54   0.53
  1600.00    -0.22  0.00   0.044  0.000  -0.00383452 0.01124256     0.57   0.57
  1625.00    -0.28  0.00   0.048  0.000  -0.00473120 0.01223239     0.61   0.60
  1650.00    -0.33  0.00   0.052  0.000  -0.00567288 0.01328410     0.65   0.64
  1675.00    -0.39  0.00   0.057  0.000  -0.00665727 0.01439970     0.69   0.68
  1700.00    -0.45  0.00   0.061  0.000  -0.00768174 0.01558119     0.74   0.72
  1725.00    -0.52  0.00   0.066  0.000  -0.00874326 0.01683032     0.78   0.77
  1750.00    -0.58  0.00   0.071  0.000  -0.00983850 0.01814880     0.83   0.81
  1775.00    -0.65  0.00   0.076  0.000  -0.01096369 0.01953803     0.88   0.85
  1800.00    -0.72  0.00   0.082  0.000  -0.01211485 0.02099936     0.93   0.90
  1825.00    -0.80  0.00   0.087  0.000  -0.01328756 0.02253369     0.98   0.95
  1850.00    -0.87  0.00   0.093  0.000  -0.01447701 0.02414173     1.03   1.00
  1875.00    -0.95  0.00   0.100  0.000  -0.01567825 0.02582384     1.08   1.05
  1900.00    -1.02  0.00   0.106  0.000  -0.01688588 0.02758006     1.14   1.10
  1925.00    -1.10  0.00   0.113  0.000  -0.01809438 0.02940997     1.20   1.15
  1950.00    -1.18  0.00   0.120  0.000  -0.01929790 0.03131280     1.25   1.20
  1975.00    -1.26  0.00   0.127  0.000  -0.02049043 0.03328710     1.31   1.25
  2000.00    -1.33  0.00   0.134  0.000  -0.02166582 0.03533123     1.37   1.31
  2025.00    -1.41  0.00   0.142  0.000  -0.02281777 0.03744275     1.43   1.36
  2050.00    -1.49  0.00   0.150  0.000  -0.02394002 0.03961872     1.50   1.41
  2075.00    -1.56  0.00   0.158  0.000  -0.02502633 0.04185576     1.56   1.47
  2100.00    -1.64  0.00   0.166  0.000  -0.02607038 0.04414968     1.62   1.52
  2125.00    -1.71  0.00   0.174  0.000  -0.02706619 0.04649593     1.68   1.58
  2150.00    -1.78  0.00   0.183  0.000  -0.02800798 0.04888918     1.74   1.63
  2175.00    -1.84  0.00   0.191  0.000  -0.02889006 0.05132355     1.81   1.68
  2200.00    -1.90  0.00   0.200  0.000  -0.02970727 0.05379259     1.87   1.74
  2225.00    -1.96  0.00   0.209  0.000  -0.03045496 0.05628947     1.93   1.79
  2250.00    -2.02  0.00   0.218  0.000  -0.03112884 0.05880644     1.99   1.84
  2275.00    -2.07  0.00   0.226  0.000  -0.03172524 0.06133591     2.05   1.89
  2300.00    -2.11  0.00   0.235  0.000  -0.03224117 0.06386920     2.10   1.93
  2325.00    -2.15  0.00   0.244  0.000  -0.03267420 0.06639783     2.16   1.98
  2350.00    -2.19  0.00   0.252  0.000  -0.03302294 0.06891292     2.21   2.03
  2375.00    -2.22  0.00   0.261  0.000  -0.03328661 0.07140528     2.26   2.07
  2400.00    -2.25  0.00   0.269  0.000  -0.03346505 0.07386555     2.31   2.11
  2425.00    -2.26  0.00   0.277  0.000  -0.03355934 0.07628492     2.36   2.15
  2450.00    -2.28  0.00   0.285  0.000  -0.03357114 0.07865386     2.41   2.18
  2475.00    -2.29  0.00   0.293  0.000  -0.03350306 0.08096366     2.45   2.21
  2500.00    -2.29  0.00   0.301  0.000  -0.03335839 0.08320584     2.49   2.25