     0.00     0.00  0.00   0.000  0.000   0.00000000-0.00000000    -0.00  -0.00
    25.00     0.00  0.00  -0.000  0.000   0.00000000 0.00000000     0.00   0.00
    50.00     0.00  0.00  -0.000  0.000   0.00000000 0.00000000     0.00   0.00
    75.00     0.00  0.00  -0.000  0.000   0.00000003 0.00000000     0.00   0.00
   100.00     0.00  0.00  -0.000  0.000   0.00000026 0.00000000     0.00   0.00
   125.00     0.00  0.00  -0.000  0.000   0.00000138 0.00000000     0.00   0.00
   150.00     0.00  0.00  -0.000  0.000   0.00000490 0.00000000     0.00   0.00
   175.00     0.00  0.00  -0.000  0.000   0.00001333 0.00000000     0.00   0.00
   200.00     0.00  0.00  -0.000  0.000   0.00003001 0.00000000     0.00   0.00
   225.00     0.00  0.00  -0.000  0.000   0.00005879 0.00000000     0.00   0.00
   250.00     0.01  0.00  -0.000  0.000   0.00010357 0.00000001     0.00   0.00
   275.00     0.01  0.00   0.000  0.000   0.00016806 0.00000003     0.00   0.00
   300.00     0.01  0.00   0.000  0.000   0.00025546 0.00000008     0.00   0.00
   325.00     0.02  0.00   0.000  0.000   0.00036842 0.00000019     0.00   0.00
   350.00     0.03  0.00   0.000  0.000   0.00050896 0.00000040     0.00   0.00
   375.00     0.04  0.00   0.000  0.000   0.00067854 0.00000078     0.00   0.00
   400.00     0.05  0.00   0.000  0.000   0.00087805 0.00000142     0.00   0.00
   425.00     0.06  0.00   0.000  0.000   0.00110794 0.00000243     0.00   0.00
   450.00     0.08  0.00   0.000  0.000   0.00136832 0.00000395     0.00   0.00
   475.00     0.10  0.00   0.000  0.000   0.00165896 0.00000619     0.00   0.00
   500.00     0.11  0.00   0.000  0.000   0.00197947 0.00000937     0.00   0.00
   525.00     0.13  0.00   0.000  0.000   0.00232925 0.00001380     0.00   0.00
   550.00     0.16  0.00   0.000  0.000   0.00270761 0.00001980     0.00   0.00
   575.00     0.18  0.00   0.000  0.000   0.00311380 0.00002779     0.00   0.00
   600.00     0.20  0.00   0.000  0.000   0.00354703 0.00003822     0.01   0.00
   625.00     0.23  0.00   0.000  0.000   0.00400649 0.00005157     0.01   0.01
   650.00     0.26  0.00   0.000  0.000   0.00449140 0.00006839     0.01   0.01
   675.00     0.29  0.00   0.000  0.000   0.00500101 0.00008926     0.01   0.01
   700.00     0.32  0.00   0.000  0.000   0.00553463 0.00011481     0.01   0.01
   725.00     0.35  0.00   0.000  0.000   0.00609163 0.00014569     0.02   0.01
   750.00     0.38  0.00   0.001  0.000   0.00667146 0.00018264     0.02   0.02
   775.00     0.42  0.00   0.001  0.000   0.00727364 0.00022640     0.02   0.02
   800.00     0.45  0.00   0.001  0.000   0.00789779 0.00027779     0.03   0.02
   825.00     0.49  0.00   0.001  0.000   0.00854361 0.00033770     0.03   0.03
   850.00     0.53  0.00   0.001  0.000   0.00921087 0.00040706     0.04   0.03
   875.00     0.57  0.00   0.002  0.000   0.00989945 0.00048687     0.05   0.04
   900.00     0.61  0.00   0.002  0.000   0.01060932 0.00057824     0.05   0.04
   925.00     0.65  0.00   0.002  0.000   0.01134050 0.00068233     0.06   0.05
   950.00     0.69  0.00   0.003  0.000   0.01209312 0.00080043     0.07   0.05
   975.00     0.74  0.00   0.003  0.000   0.01286737 0.00093390     0.08   0.06
  1000.00     0.78  0.00   0.004  0.000   0.01366351 0.00108424     0.08   0.07
  1025.00     0.83  0.00   0.004  0.000   0.01448188 0.00125310     0.09   0.08
  1050.00     0.88  0.00   0.005  0.000   0.01532285 0.00144225     0.10   0.09
  1075.00     0.93  0.00   0.006  0.000   0.01618688 0.00165361     0.12   0.10
  1100.00     0.98  0.00   0.006  0.000   0.01707442 0.00188933     0.13   0.11
  1125.00     1.03  0.00   0.007  0.000   0.01798597 0.00215169     0.14   0.12
  1150.00     1.09  0.00   0.008  0.000   0.01892205 0.00244325     0.16   0.13
  1175.00     1.14  0.00   0.009  0.000   0.01988318 0.00276677     0.17   0.15
  1200.00     1.20  0.00   0.011  0.000   0.02086981 0.00312529     0.19   0.16
  1225.00     1.26  0.00   0.012  0.000   0.02188243 0.00352215     0.21   0.18
  1250.00     1.32  0.00   0.014  0.000   0.02292139 0.00396098     0.23   0.20
  1275.00     1.39  0.00   0.015  0.000   0.02398694 0.00444578     0.25   0.22
  1300.00     1.45  0.00   0.017  0.000   0.02507919 0.00498093     0.27   0.24
  1325.00     1.52  0.00   0.019  0.000   0.02619807 0.00557119     0.30   0.26
  1350.00     1.58  0.00   0.022  0.000   0.02734323 0.00622180     0.33   0.29
  1375.00     1.65  0.00   0.024  0.000   0.02851402 0.00693844     0.36   0.31
  1400.00     1.73  0.00   0.027  0.000   0.02970941 0.00772731     0.39   0.34
  1425.00     1.80  0.00   0.030  0.000   0.03092782 0.00859513     0.42   0.37
  1450.00     1.88  0.00   0.034  0.000   0.03216715 0.00954916     0.46   0.40
  1475.00     1.95  0.00   0.037  0.000   0.03342447 0.01059720     0.50   0.44
  1500.00     2.03  0.00   0.042  0.000   0.03469609 0.01174765     0.54   0.48
  1525.00     2.11  0.00   0.046  0.000   0.03597718 0.01300939     0.59   0.52
  1550.00     2.19  0.00   0.051  0.000   0.03726178 0.01439179     0.64   0.57
  1575.00     2.28  0.00   0.057  0.000   0.03854238 0.01590462     0.69   0.61
  1600.00     2.36  0.00   0.063  0.000   0.03980986 0.01755798     0.75   0.67
  1625.00     2.44  0.00   0.069  0.000   0.04105319 0.01936199     0.81   0.72
  1650.00     2.52  0.00   0.076  0.000   0.04225910 0.02132667     0.87   0.78
  1675.00     2.60  0.00   0.084  0.000   0.04341188 0.02346156     0.94   0.84
  1700.00     2.68  0.00   0.093  0.000   0.04449326 0.02577540     1.02   0.91
  1725.00     2.75  0.00   0.102  0.000   0.04548191 0.02827540     1.10   0.98
  1750.00     2.82  0.00   0.111  0.000   0.04635367 0.03096688     1.18   1.06
  1775.00     2.88  0.00   0.122  0.000   0.04708122 0.03385216     1.27   1.14
  1800.00     2.94  0.00   0.133  0.000   0.04763449 0.03693031     1.36   1.22
  1825.00     2.98  0.00   0.145  0.000   0.04798083 0.04019540     1.45   1.31
  1850.00     3.01  0.00   0.158  0.000   0.04808564 0.04363606     1.55   1.40
  1875.00     3.02  0.00   0.171  0.000   0.04791341 0.04723454     1.65   1.49
  1900.00     3.01  0.00   0.184  0.000   0.04742901 0.05096558     1.76   1.59
  1925.00     2.99  0.00   0.198  0.000   0.04659909 0.05479618     1.86   1.68
  1950.00     2.94  0.00   0.213  0.000   0.04539428 0.05868518     1.96   1.78
  1975.00     2.86  0.00   0.227  0.000   0.04379120 0.06258340     2.06   1.87
  2000.00     2.75  0.00   0.241  0.000   0.04177471 0.06643543     2.15   1.95
  2025.00     2.61  0.00   0.255  0.000   0.03933999 0.07018023     2.24   2.03
  2050.00     2.45  0.00   0.268  0.000   0.03649411 0.07375415     2.32   2.11
  2075.00     2.25  0.00   0.280  0.000   0.03325693 0.07709395     2.39   2.17
  2100.00     2.02  0.00   0.291  0.000   0.02966166 0.08013953     2.45   2.23
  2125.00     1.77  0.00   0.301  0.000   0.02575306 0.08283775     2.50   2.27
  2150.00     1.49  0.00   0.310  0.000   0.02158653 0.08514497     2.53   2.30
  2175.00     1.19  0.00   0.317  0.000   0.01722516 0.08702973     2.55   2.32
  2200.00     0.89  0.00   0.322  0.000   0.01273598 0.08847371     2.56   2.33
  2225.00     0.57  0.00   0.326  0.000   0.00818678 0.08947270     2.55   2.32
  2250.00     0.25  0.00   0.328  0.000   0.00364340 0.09003523     2.54   2.31
  2275.00    -0.06  0.00   0.328  0.000  -0.00083435 0.09018181     2.51   2.28
  2300.00    -0.36  0.00   0.327  0.000  -0.00519353 0.08994191     2.47   2.25
  2325.00    -0.65  0.00   0.325  0.000  -0.00939056 0.08935269     2.42   2.20
  2350.00    -0.93  0.00   0.322  0.000  -0.01339123 0.08845524     2.37   2.15
  2375.00    -1.19  0.00   0.318  0.000  -0.01717079 0.08729275     2.31   2.10
  2400.00    -1.43  0.00   0.312  0.000  -0.02071298 0.08590895     2.24   2.04
  2425.00    -1.65  0.00   0.307  0.000  -0.02401005 0.08434539     2.18   1.98
  2450.00    -1.85  0.00   0.300  0.000  -0.02706013 0.08264126     2.11   1.91
  2475.00    -2.04  0.00   0.294  0.000  -0.02986716 0.08083206     2.04   1.85
  2500.00    -2.20  0.00   0.287  0.000  -0.03243940 0.07894948     1.97   1.78