     0.00     0.00  0.00   0.000  0.000   0.00000000-0.00000000    -0.00  -0.00
    25.00     0.00  0.00  -0.000  0.000   0.00000000 0.00000000     0.00   0.00
    50.00     0.00  0.00  -0.000  0.000   0.00000000 0.00000000     0.00   0.00
    75.00     0.00  0.00  -0.000  0.000   0.00000000 0.00000000     0.00   0.00
   100.00     0.00  0.00  -0.000  0.000   0.00000000 0.00000000     0.00   0.00
   125.00     0.00  0.00  -0.000  0.000   0.00000000 0.00000000     0.00   0.00
   150.00     0.00  0.00  -0.000  0.000   0.00000002 0.00000000     0.00   0.00
   175.00     0.00  0.00  -0.000  0.000   0.00000008 0.00000000     0.00   0.00
   200.00     0.00  0.00  -0.000  0.000   0.00000026 0.00000000     0.00   0.00
   225.00     0.00  0.00  -0.000  0.000   0.00000069 0.00000000     0.00   0.00
   250.00     0.00  0.00  -0.000  0.000   0.00000158 0.00000000     0.00   0.00
   275.00     0.00  0.00  -0.000  0.000   0.00000319 0.00000000     0.00   0.00
   300.00     0.00  0.00  -0.000  0.000   0.00000589 0.00000000     0.00   0.00
   325.00     0.00  0.00  -0.000  0.000   0.00001006 0.00000001     0.00   0.00
   350.00     0.00  0.00   0.000  0.000   0.00001618 0.00000002     0.00   0.00
   375.00     0.00  0.00   0.000  0.000   0.00002472 0.00000005     0.00   0.00
   400.00     0.00  0.00   0.000  0.000   0.00003621 0.00000010     0.00   0.00
   425.00     0.00  0.00   0.000  0.000   0.00005118 0.00000019     0.00   0.00
   450.00     0.00  0.00   0.000  0.000   0.00007016 0.00000034     0.00   0.00
   475.00     0.01  0.00   0.000  0.000   0.00009368 0.00000056     0.00   0.00
   500.00     0.01  0.00   0.000  0.000   0.00012226 0.00000090     0.00   0.00
   525.00     0.01  0.00   0.000  0.000   0.00015642 0.00000139     0.00   0.00
   550.00     0.01  0.00   0.000  0.000   0.00019663 0.00000206     0.00   0.00
   575.00     0.01  0.00   0.000  0.000   0.00024336 0.00000298     0.00   0.00
   600.00     0.02  0.00   0.000  0.000   0.00029705 0.00000417     0.00   0.00
   625.00     0.02  0.00   0.000  0.000   0.00035810 0.00000572     0.00   0.00
   650.00     0.02  0.00   0.000  0.000   0.00042688 0.00000765     0.00   0.00
   675.00     0.03  0.00   0.000  0.000   0.00050374 0.00001002     0.00   0.00
   700.00     0.03  0.00   0.000  0.000   0.00058897 0.00001287     0.00   0.00
   725.00     0.04  0.00   0.000  0.000   0.00068284 0.00001623     0.00   0.00
   750.00     0.05  0.00   0.000  0.000   0.00078559 0.00002011     0.00   0.00
   775.00     0.05  0.00   0.000  0.000   0.00089742 0.00002452     0.00   0.00
   800.00     0.06  0.00   0.000  0.000   0.00101851 0.00002944     0.00   0.00
   825.00     0.07  0.00   0.000  0.000   0.00114901 0.00003483     0.00   0.00
   850.00     0.07  0.00   0.000  0.000   0.00128905 0.00004064     0.01   0.01
   875.00     0.08  0.00   0.000  0.000   0.00143875 0.00004682     0.01   0.01
   900.00     0.09  0.00   0.000  0.000   0.00159819 0.00005326     0.01   0.01
   925.00     0.10  0.00   0.000  0.000   0.00176747 0.00005988     0.01   0.01
   950.00     0.11  0.00   0.000  0.000   0.00194667 0.00006657     0.01   0.01
   975.00     0.12  0.00   0.000  0.000   0.00213586 0.00007321     0.01   0.01
  1000.00     0.13  0.00   0.000  0.000   0.00233511 0.00007968     0.01   0.01
  1025.00     0.15  0.00   0.000  0.000   0.00254450 0.00008583     0.01   0.01
  1050.00     0.16  0.00   0.000  0.000   0.00276411 0.00009156     0.01   0.01
  1075.00     0.17  0.00   0.000  0.000   0.00299402 0.00009673     0.01   0.01
  1100.00     0.19  0.00   0.000  0.000   0.00323434 0.00010124     0.01   0.01
  1125.00     0.20  0.00   0.000  0.000   0.00348515 0.00010497     0.01   0.01
  1150.00     0.21  0.00   0.000  0.000   0.00374659 0.00010784     0.01   0.01
  1175.00     0.23  0.00   0.000  0.000   0.00401878 0.00010980     0.01   0.01
  1200.00     0.25  0.00   0.000  0.000   0.00430186 0.00011078     0.01   0.01
  1225.00     0.26  0.00   0.000  0.000   0.00459601 0.00011079     0.01   0.01
  1250.00     0.28  0.00   0.000  0.000   0.00490139 0.00010985     0.01   0.01
  1275.00     0.30  0.00   0.000  0.000   0.00521819 0.00010800     0.01   0.01
  1300.00     0.32  0.00   0.000  0.000   0.00554663 0.00010535     0.01   0.01
  1325.00     0.34  0.00   0.000  0.000   0.00588693 0.00010202     0.01   0.01
  1350.00     0.36  0.00   0.000  0.000   0.00623933 0.00009822     0.01   0.00
  1375.00     0.38  0.00   0.000  0.000   0.00660409 0.00009418     0.01   0.00
  1400.00     0.40  0.00   0.000  0.000   0.00698149 0.00009018     0.01   0.00
  1425.00     0.42  0.00   0.000  0.000   0.00737179 0.00008658     0.01   0.00
  1450.00     0.45  0.00   0.000  0.000   0.00777532 0.00008379     0.01   0.00
  1475.00     0.47  0.00   0.000  0.000   0.00819238 0.00008227     0.01   0.00
  1500.00     0.49  0.00   0.000  0.000   0.00862329 0.00008256     0.01   0.00
  1525.00     0.52  0.00   0.000  0.000   0.00906839 0.00008526     0.01   0.00
  1550.00     0.55  0.00   0.000  0.000   0.00952803 0.00009106     0.01   0.00
  1575.00     0.57  0.00   0.000  0.000   0.01000255 0.00010070     0.01   0.00
  1600.00     0.60  0.00   0.000  0.000   0.01049233 0.00011500     0.01   0.00
  1625.00     0.63  0.00   0.000  0.000   0.01099772 0.00013486     0.01   0.00
  1650.00     0.66  0.00   0.000  0.000   0.01151908 0.00016127     0.01   0.00
  1675.00     0.69  0.00   0.000  0.000   0.01205677 0.00019529     0.01   0.00
  1700.00     0.72  0.00   0.000  0.000   0.01261118 0.00023807     0.01   0.00
  1725.00     0.76  0.00   0.000  0.000   0.01318263 0.00029082     0.02   0.01
  1750.00     0.79  0.00   0.001  0.000   0.01377153 0.00035489     0.02   0.01
  1775.00     0.82  0.00   0.001  0.000   0.01437816 0.00043166     0.02   0.01
  1800.00     0.86  0.00   0.001  0.000   0.01500290 0.00052264     0.03   0.02
  1825.00     0.90  0.00   0.002  0.000   0.01564607 0.00062941     0.03   0.02
  1850.00     0.94  0.00   0.002  0.000   0.01630792 0.00075364     0.04   0.02
  1875.00     0.97  0.00   0.002  0.000   0.01698876 0.00089711     0.04   0.03
  1900.00     1.02  0.00   0.003  0.000   0.01768884 0.00106169     0.05   0.04
  1925.00     1.06  0.00   0.004  0.000   0.01840839 0.00124932     0.06   0.04
  1950.00     1.10  0.00   0.004  0.000   0.01914760 0.00146208     0.07   0.05
  1975.00     1.14  0.00   0.005  0.000   0.01990658 0.00170208     0.08   0.06
  2000.00     1.19  0.00   0.006  0.000   0.02068550 0.00197160     0.09   0.07
  2025.00     1.24  0.00   0.007  0.000   0.02148438 0.00227295     0.10   0.08
  2050.00     1.28  0.00   0.008  0.000   0.02230322 0.00260856     0.11   0.09
  2075.00     1.33  0.00   0.010  0.000   0.02314203 0.00298098     0.13   0.11
  2100.00     1.38  0.00   0.011  0.000   0.02400060 0.00339278     0.15   0.12
  2125.00     1.44  0.00   0.013  0.000   0.02487883 0.00384670     0.16   0.14
  2150.00     1.49  0.00   0.015  0.000   0.02577643 0.00434552     0.18   0.15
  2175.00     1.54  0.00   0.017  0.000   0.02669302 0.00489210     0.20   0.17
  2200.00     1.60  0.00   0.019  0.000   0.02762819 0.00548941     0.22   0.19
  2225.00     1.66  0.00   0.021  0.000   0.02858144 0.00614051     0.25   0.21
  2250.00     1.71  0.00   0.024  0.000   0.02955204 0.00684847     0.27   0.23
  2275.00     1.77  0.00   0.027  0.000   0.03053938 0.00761652     0.30   0.26
  2300.00     1.84  0.00   0.030  0.000   0.03154242 0.00844785     0.32   0.28
  2325.00     1.90  0.00   0.033  0.000   0.03256027 0.00934580     0.35   0.31
  2350.00     1.96  0.00   0.036  0.000   0.03359180 0.01031373     0.39   0.34
  2375.00     2.03  0.00   0.040  0.000   0.03463568 0.01135505     0.42   0.37
  2400.00     2.09  0.00   0.044  0.000   0.03569047 0.01247312     0.46   0.40
  2425.00     2.16  0.00   0.049  0.000   0.03675466 0.01367152     0.49   0.44
  2450.00     2.23  0.00   0.053  0.000   0.03782632 0.01495360     0.53   0.47
  2475.00     2.30  0.00   0.058  0.000   0.03890363 0.01632287     0.58   0.51
  2500.00     2.37  0.00   0.063  0.000   0.03998456 0.01778291     0.62   0.55