     0.00     0.00  0.00   0.000  0.000   0.00000000 0.00000000     0.00   0.00
    25.00     0.00  0.00  -0.000  0.000   0.00000000 0.00000000     0.00   0.00
    50.00     0.00  0.00  -0.000  0.000   0.00000016 0.00000000     0.00   0.00
    75.00     0.00  0.00  -0.000  0.000   0.00000229 0.00000000     0.00   0.00
   100.00     0.00  0.00  -0.000  0.000   0.00001351 0.00000000     0.00   0.00
   125.00     0.00  0.00  -0.000  0.000   0.00004920 0.00000000     0.00   0.00
   150.00     0.01  0.00   0.000  0.000   0.00013216 0.00000002     0.00   0.00
   175.00     0.02  0.00   0.000  0.000   0.00028893 0.00000008     0.00   0.00
   200.00     0.03  0.00   0.000  0.000   0.00054572 0.00000030     0.00  -0.00
   225.00     0.05  0.00   0.000  0.000   0.00092557 0.00000086     0.00  -0.00
   250.00     0.08  0.00  -0.000  0.000   0.00144707 0.00000209     0.00   0.00
   275.00     0.12  0.00  -0.000  0.000   0.00212427 0.00000451     0.00   0.00
   300.00     0.17  0.00   0.000  0.000   0.00296730 0.00000912     0.00   0.00
   325.00     0.23  0.00   0.000  0.000   0.00398333 0.00001736     0.01   0.00
   350.00     0.30  0.00   0.000  0.000   0.00517751 0.00003073     0.01   0.00
   375.00     0.38  0.00   0.000  0.000   0.00655398 0.00005131     0.01   0.00
   400.00     0.47  0.00   0.000  0.000   0.00811656 0.00008166     0.02   0.00
   425.00     0.57  0.00   0.000  0.000   0.00986951 0.00012494     0.03   0.01
   450.00     0.68  0.00   0.000  0.000   0.01181798 0.00018495     0.04   0.01
   475.00     0.80  0.00   0.000  0.000   0.01396840 0.00026627     0.05   0.01
   500.00     0.94  0.00   0.000  0.000   0.01632888 0.00037438     0.06   0.02
   525.00     1.08  0.00   0.001  0.000   0.01890919 0.00051582     0.08   0.02
   550.00     1.25  0.00   0.001  0.000   0.02172096 0.00069834     0.10   0.03
   575.00     1.42  0.00   0.001  0.000   0.02477788 0.00093109     0.13   0.04
   600.00     1.61  0.00   0.002  0.000   0.02809545 0.00122481     0.16   0.06
   625.00     1.82  0.00   0.002  0.000   0.03169132 0.00159204     0.19   0.07
   650.00     2.04  0.00   0.003  0.000   0.03558515 0.00204750     0.23   0.09
   675.00     2.29  0.00   0.004  0.000   0.03979881 0.00260842     0.28   0.11
   700.00     2.55  0.00   0.005  0.000   0.04435632 0.00329511     0.33   0.13
   725.00     2.84  0.00   0.007  0.000   0.04928399 0.00413149     0.40   0.16
   750.00     3.15  0.00   0.009  0.000   0.05461046 0.00514591     0.47   0.20
   775.00     3.49  0.00   0.011  0.000   0.06036653 0.00637198     0.56   0.24
   800.00     3.85  0.00   0.013  0.000   0.06658547 0.00784983     0.66   0.28
   825.00     4.25  0.00   0.017  0.000   0.07330251 0.00962739     0.78   0.34
   850.00     4.68  0.00   0.021  0.000   0.08055492 0.01176214     0.91   0.40
   875.00     5.16  0.00   0.025  0.000   0.08838108 0.01432319     1.07   0.47
   900.00     5.67  0.00   0.031  0.000   0.09682015 0.01739384     1.25   0.55
   925.00     6.23  0.00   0.038  0.000   0.10591002 0.02107466     1.45   0.65
   950.00     6.85  0.00   0.046  0.000   0.11568592 0.02548727     1.70   0.76
   975.00     7.53  0.00   0.056  0.000   0.12617619 0.03077857     1.98   0.89
  1000.00     8.27  0.00   0.067  0.000   0.13739806 0.03712604     2.31   1.05
  1025.00     9.08  0.00   0.082  0.000   0.14934991 0.04474330     2.69   1.23
  1050.00     9.98  0.00   0.099  0.000   0.16200060 0.05388580     3.14   1.44
  1075.00    10.97  0.00   0.120  0.000   0.17527409 0.06485599     3.66   1.69
  1100.00    12.06  0.00   0.145  0.000   0.18902878 0.07800667     4.27   1.98
  1125.00    13.28  0.00   0.175  0.000   0.20302789 0.09373827     4.98   2.33
  1150.00    14.62  0.00   0.211  0.000   0.21690321 0.11248874     5.81   2.73
  1175.00    16.10  0.00   0.254  0.000   0.23010933 0.13470562     6.77   3.20
  1200.00    17.75  0.00   0.306  0.000   0.24187391 0.16079266     7.86   3.74
  1225.00    19.55  0.00   0.366  0.000   0.25115654 0.19102234     9.09   4.35
  1250.00    21.53  0.00   0.435  0.000   0.25663355 0.22539978    10.45   5.04
  1275.00    23.67  0.00   0.513  0.000   0.25674918 0.26348624    11.92   5.79
  1300.00    25.96  0.00   0.597  0.000   0.24987319 0.30421093    13.42   6.58
  1325.00    28.34  0.00   0.685  0.000   0.23459770 0.34573925    14.89   7.37
  1350.00    30.71  0.00   0.771  0.000   0.21015182 0.38550842    16.21   8.10
  1375.00    32.90  0.00   0.850  0.000   0.17681690 0.42052728    17.27   8.73
  1400.00    34.54  0.00   0.915  0.000   0.13615181 0.44793996    17.99   9.18
  1425.00    34.65  0.00   0.962  0.000   0.09083868 0.46568903    18.29   9.45
  1450.00    29.27  0.00   0.989  0.000   0.04415171 0.47299659    18.17   9.50
  1475.00    -0.73  0.00   0.997  0.000  -0.00075325 0.47044230    17.69   9.37
  1500.00   -22.87  0.00   0.987  0.000  -0.04142259 0.45964736    16.93   9.08
  1525.00   -26.57  0.00   0.964  0.000  -0.07637516 0.44274980    15.97   8.69
  1550.00   -26.69  0.00   0.931  0.000  -0.10506023 0.42191637    14.91   8.23
  1575.00   -25.82  0.00   0.894  0.000  -0.12762791 0.39901862    13.83   7.75
  1600.00   -24.64  0.00   0.854  0.000  -0.14465345 0.37549672    12.76   7.26
  1625.00   -23.37  0.00   0.814  0.000  -0.15690684 0.35235921    11.75   6.79
  1650.00   -22.11  0.00   0.776  0.000  -0.16519380 0.33024877    10.81   6.34
  1675.00   -20.90  0.00   0.739  0.000  -0.17026490 0.30952975     9.94   5.93
  1700.00   -19.75  0.00   0.705  0.000  -0.17277482 0.29037192     9.16   5.56
  1725.00   -18.67  0.00   0.673  0.000  -0.17327110 0.27281684     8.45   5.22
  1750.00   -17.65  0.00   0.645  0.000  -0.17219955 0.25682640     7.82   4.91
  1775.00   -16.70  0.00   0.619  0.000  -0.16991712 0.24231780     7.25   4.63
  1800.00   -15.81  0.00   0.595  0.000  -0.16670501 0.22918369     6.74   4.38
  1825.00   -14.97  0.00   0.574  0.000  -0.16278498 0.21731053     6.29   4.15
  1850.00   -14.18  0.00   0.555  0.000  -0.15832947 0.20658337     5.88   3.95
  1875.00   -13.43  0.00   0.538  0.000  -0.15347300 0.19689275     5.51   3.77
  1900.00   -12.72  0.00   0.523  0.000  -0.14832035 0.18813756     5.18   3.60
  1925.00   -12.04  0.00   0.509  0.000  -0.14295252 0.18022470     4.89   3.45
  1950.00   -11.40  0.00   0.497  0.000  -0.13743234 0.17307019     4.62   3.32
  1975.00   -10.79  0.00   0.486  0.000  -0.13180931 0.16659957     4.38   3.20
  2000.00   -10.20  0.00   0.476  0.000  -0.12612070 0.16074540     4.17   3.08
  2025.00    -9.63  0.00   0.467  0.000  -0.12039619 0.15544835     3.97   2.98
  2050.00    -9.09  0.00   0.459  0.000  -0.11465869 0.15065567     3.79   2.89
  2075.00    -8.56  0.00   0.452  0.000  -0.10892532 0.14632042     3.63   2.80
  2100.00    -8.05  0.00   0.446  0.000  -0.10321008 0.14240102     3.48   2.72
  2125.00    -7.56  0.00   0.440  0.000  -0.09752293 0.13886024     3.35   2.65
  2150.00    -7.08  0.00   0.435  0.000  -0.09187183 0.13566545     3.23   2.59
  2175.00    -6.61  0.00   0.431  0.000  -0.08626337 0.13278726     3.11   2.53
  2200.00    -6.16  0.00   0.427  0.000  -0.08070116 0.13019945     3.01   2.47
  2225.00    -5.71  0.00   0.423  0.000  -0.07518881 0.12787870     2.92   2.42
  2250.00    -5.28  0.00   0.420  0.000  -0.06972871 0.12580404     2.83   2.37
  2275.00    -4.85  0.00   0.418  0.000  -0.06432257 0.12395661     2.76   2.32
  2300.00    -4.44  0.00   0.416  0.000  -0.05897134 0.12231950     2.69   2.28
  2325.00    -4.03  0.00   0.414  0.000  -0.05367568 0.12087741     2.62   2.24
  2350.00    -3.63  0.00   0.412  0.000  -0.04843624 0.11961643     2.56   2.20
  2375.00    -3.23  0.00   0.410  0.000  -0.04325234 0.11852437     2.51   2.17
  2400.00    -2.85  0.00   0.409  0.000  -0.03812497 0.11758965     2.46   2.14
  2425.00    -2.46  0.00   0.408  0.000  -0.03305277 0.11680182     2.41   2.11
  2450.00    -2.09  0.00   0.407  0.000  -0.02803587 0.11615162     2.37   2.08
  2475.00    -1.72  0.00   0.407  0.000  -0.02307417 0.11563024     2.33   2.05
  2500.00    -1.35  0.00   0.406  0.000  -0.01816633 0.11522993     2.29   2.02