     0.00     0.00  0.00   0.000  0.000   0.00000000-0.00000000    -0.00  -0.00
    25.00     0.00  0.00  -0.000  0.000   0.00000000 0.00000000     0.00   0.00
    50.00     0.00  0.00  -0.000  0.000   0.00000000 0.00000000     0.00   0.00
    75.00     0.00  0.00  -0.000  0.000   0.00000000 0.00000000     0.00   0.00
   100.00     0.00  0.00  -0.000  0.000   0.00000001 0.00000000     0.00   0.00
   125.00     0.00  0.00  -0.000  0.000   0.00000004 0.00000000     0.00   0.00
   150.00     0.00  0.00  -0.000  0.000   0.00000017 0.00000000     0.00   0.00
   175.00     0.00  0.00  -0.000  0.000   0.00000052 0.00000000     0.00   0.00
   200.00     0.00  0.00  -0.000  0.000   0.00000130 0.00000000     0.00   0.00
   225.00     0.00  0.00  -0.000  0.000   0.00000269 0.00000000     0.00   0.00
   250.00     0.00  0.00  -0.000  0.000   0.00000484 0.00000000     0.00   0.00
   275.00     0.00  0.00  -0.000  0.000   0.00000778 0.00000000     0.00   0.00
   300.00     0.00  0.00  -0.000  0.000   0.00001137 0.00000001     0.00   0.00
   325.00     0.00  0.00   0.000  0.000   0.00001529 0.00000004     0.00   0.00
   350.00     0.00  0.00   0.000  0.000   0.00001905 0.00000010     0.00   0.00
   375.00     0.00  0.00   0.000  0.000   0.00002198 0.00000025     0.00   0.00
   400.00     0.00  0.00   0.000  0.000   0.00002328 0.00000052     0.00   0.00
   425.00     0.00  0.00   0.000  0.000   0.00002209 0.00000102     0.00   0.00
   450.00     0.00  0.00   0.000  0.000   0.00001747 0.00000187     0.00   0.00
   475.00     0.00  0.00   0.000  0.000   0.00000848 0.00000326     0.00   0.00
   500.00    -0.00  0.00   0.000  0.000  -0.00000581 0.00000547     0.00   0.00
   525.00    -0.00  0.00   0.000  0.000  -0.00002630 0.00000883     0.00   0.00
   550.00    -0.00  0.00   0.000  0.000  -0.00005386 0.00001381     0.00   0.00
   575.00    -0.01  0.00   0.000  0.000  -0.00008935 0.00002093     0.00   0.00
   600.00    -0.01  0.00   0.000  0.000  -0.00013355 0.00003080     0.00   0.00
   625.00    -0.01  0.00   0.000  0.000  -0.00018724 0.00004409     0.01   0.01
   650.00    -0.01  0.00   0.000  0.000  -0.00025114 0.00006155     0.01   0.01
   675.00    -0.02  0.00   0.000  0.000  -0.00032593 0.00008395     0.01   0.01
   700.00    -0.02  0.00   0.000  0.000  -0.00041225 0.00011210     0.01   0.01
   725.00    -0.03  0.00   0.001  0.000  -0.00051070 0.00014687     0.02   0.02
   750.00    -0.04  0.00   0.001  0.000  -0.00062181 0.00018910     0.02   0.02
   775.00    -0.04  0.00   0.001  0.000  -0.00074611 0.00023970     0.03   0.03
   800.00    -0.05  0.00   0.001  0.000  -0.00088406 0.00029954     0.03   0.03
   825.00    -0.06  0.00   0.001  0.000  -0.00103609 0.00036952     0.04   0.04
   850.00    -0.07  0.00   0.002  0.000  -0.00120260 0.00045052     0.04   0.04
   875.00    -0.08  0.00   0.002  0.000  -0.00138395 0.00054342     0.05   0.05
   900.00    -0.09  0.00   0.003  0.000  -0.00158048 0.00064909     0.06   0.06
   925.00    -0.10  0.00   0.003  0.000  -0.00179249 0.00076836     0.07   0.07
   950.00    -0.12  0.00   0.004  0.000  -0.00202025 0.00090206     0.08   0.07
   975.00    -0.13  0.00   0.004  0.000  -0.00226402 0.00105099     0.08   0.08
  1000.00    -0.14  0.00   0.005  0.000  -0.00252402 0.00121593     0.09   0.09
  1025.00    -0.16  0.00   0.006  0.000  -0.00280047 0.00139762     0.11   0.10
  1050.00    -0.18  0.00   0.006  0.000  -0.00309354 0.00159677     0.12   0.12
  1075.00    -0.20  0.00   0.007  0.000  -0.00340340 0.00181406     0.13   0.13
  1100.00    -0.21  0.00   0.008  0.000  -0.00373021 0.00205015     0.14   0.14
  1125.00    -0.23  0.00   0.009  0.000  -0.00407409 0.00230566     0.15   0.15
  1150.00    -0.26  0.00   0.010  0.000  -0.00443517 0.00258116     0.17   0.17
  1175.00    -0.28  0.00   0.011  0.000  -0.00481356 0.00287721     0.18   0.18
  1200.00    -0.30  0.00   0.013  0.000  -0.00520933 0.00319431     0.20   0.19
  1225.00    -0.32  0.00   0.014  0.000  -0.00562258 0.00353295     0.21   0.21
  1250.00    -0.35  0.00   0.015  0.000  -0.00605337 0.00389358     0.23   0.22
  1275.00    -0.38  0.00   0.017  0.000  -0.00650175 0.00427661     0.24   0.24
  1300.00    -0.40  0.00   0.018  0.000  -0.00696778 0.00468241     0.26   0.25
  1325.00    -0.43  0.00   0.020  0.000  -0.00745147 0.00511133     0.28   0.27
  1350.00    -0.46  0.00   0.022  0.000  -0.00795287 0.00556367     0.29   0.29
  1375.00    -0.49  0.00   0.024  0.000  -0.00847199 0.00603974     0.31   0.30
  1400.00    -0.52  0.00   0.026  0.000  -0.00900882 0.00653976     0.33   0.32
  1425.00    -0.56  0.00   0.028  0.000  -0.00956337 0.00706395     0.35   0.34
  1450.00    -0.59  0.00   0.030  0.000  -0.01013564 0.00761251     0.37   0.36
  1475.00    -0.62  0.00   0.032  0.000  -0.01072559 0.00818559     0.38   0.38
  1500.00    -0.66  0.00   0.034  0.000  -0.01133320 0.00878333     0.40   0.39
  1525.00    -0.70  0.00   0.037  0.000  -0.01195844 0.00940582     0.42   0.41
  1550.00    -0.74  0.00   0.039  0.000  -0.01260127 0.01005316     0.44   0.43
  1575.00    -0.78  0.00   0.042  0.000  -0.01326162 0.01072537     0.46   0.45
  1600.00    -0.82  0.00   0.044  0.000  -0.01393947 0.01142251     0.49   0.47
  1625.00    -0.86  0.00   0.047  0.000  -0.01463471 0.01214456     0.51   0.49
  1650.00    -0.90  0.00   0.050  0.000  -0.01534731 0.01289152     0.53   0.51
  1675.00    -0.95  0.00   0.053  0.000  -0.01607714 0.01366332     0.55   0.53
  1700.00    -0.99  0.00   0.056  0.000  -0.01682416 0.01445993     0.57   0.55
  1725.00    -1.04  0.00   0.059  0.000  -0.01758825 0.01528125     0.59   0.57
  1750.00    -1.09  0.00   0.062  0.000  -0.01836934 0.01612719     0.61   0.59
  1775.00    -1.14  0.00   0.065  0.000  -0.01916726 0.01699760     0.64   0.61
  1800.00    -1.19  0.00   0.069  0.000  -0.01998195 0.01789239     0.66   0.63
  1825.00    -1.24  0.00   0.072  0.000  -0.02081331 0.01881140     0.68   0.65
  1850.00    -1.29  0.00   0.076  0.000  -0.02166115 0.01975442     0.70   0.67
  1875.00    -1.35  0.00   0.079  0.000  -0.02252537 0.02072129     0.73   0.69
  1900.00    -1.40  0.00   0.083  0.000  -0.02340582 0.02171182     0.75   0.71
  1925.00    -1.46  0.00   0.086  0.000  -0.02430238 0.02272579     0.77   0.73
  1950.00    -1.52  0.00   0.090  0.000  -0.02521488 0.02376300     0.79   0.75
  1975.00    -1.57  0.00   0.094  0.000  -0.02614317 0.02482317     0.82   0.77
  2000.00    -1.64  0.00   0.098  0.000  -0.02708708 0.02590611     0.84   0.79
  2025.00    -1.70  0.00   0.102  0.000  -0.02804644 0.02701153     0.86   0.81
  2050.00    -1.76  0.00   0.106  0.000  -0.02902105 0.02813916     0.88   0.83
  2075.00    -1.82  0.00   0.110  0.000  -0.03001083 0.02928875     0.91   0.85
  2100.00    -1.89  0.00   0.114  0.000  -0.03101544 0.03045997     0.93   0.87
  2125.00    -1.96  0.00   0.118  0.000  -0.03203482 0.03165260     0.95   0.89
  2150.00    -2.02  0.00   0.123  0.000  -0.03306879 0.03286631     0.98   0.91
  2175.00    -2.09  0.00   0.127  0.000  -0.03411702 0.03410078     1.00   0.93
  2200.00    -2.16  0.00   0.131  0.000  -0.03517938 0.03535569     1.02   0.95
  2225.00    -2.24  0.00   0.136  0.000  -0.03625569 0.03663081     1.05   0.97
  2250.00    -2.31  0.00   0.140  0.000  -0.03734569 0.03792570     1.07   0.99
  2275.00    -2.39  0.00   0.145  0.000  -0.03844922 0.03924018     1.09   1.01
  2300.00    -2.46  0.00   0.149  0.000  -0.03956602 0.04057376     1.11   1.03
  2325.00    -2.54  0.00   0.154  0.000  -0.04069579 0.04192622     1.14   1.04
  2350.00    -2.62  0.00   0.159  0.000  -0.04183845 0.04329724     1.16   1.06
  2375.00    -2.70  0.00   0.163  0.000  -0.04299378 0.04468646     1.18   1.08
  2400.00    -2.78  0.00   0.168  0.000  -0.04416135 0.04609350     1.20   1.10
  2425.00    -2.86  0.00   0.173  0.000  -0.04534111 0.04751812     1.23   1.11
  2450.00    -2.95  0.00   0.178  0.000  -0.04653272 0.04895984     1.25   1.13
  2475.00    -3.03  0.00   0.182  0.000  -0.04773600 0.05041837     1.27   1.15
  2500.00    -3.12  0.00   0.187  0.000  -0.04895071 0.05189353     1.29   1.17