     0.00     0.00  0.00   0.000  0.000   0.00000000-0.00000000    -0.00  -0.00
    25.00     0.00  0.00  -0.000  0.000   0.00000000 0.00000000     0.00   0.00
    50.00     0.00  0.00  -0.000  0.000   0.00000000 0.00000000     0.00   0.00
    75.00     0.00  0.00  -0.000  0.000   0.00000000 0.00000000     0.00   0.00
   100.00     0.00  0.00  -0.000  0.000   0.00000000 0.00000000     0.00   0.00
   125.00     0.00  0.00  -0.000  0.000   0.00000000 0.00000000     0.00   0.00
   150.00     0.00  0.00  -0.000  0.000   0.00000000 0.00000000     0.00   0.00
   175.00     0.00  0.00  -0.000  0.000   0.00000002 0.00000000     0.00   0.00
   200.00     0.00  0.00  -0.000  0.000   0.00000008 0.00000000     0.00   0.00
   225.00     0.00  0.00  -0.000  0.000   0.00000024 0.00000000     0.00   0.00
   250.00     0.00  0.00  -0.000  0.000   0.00000062 0.00000000     0.00   0.00
   275.00     0.00  0.00  -0.000  0.000   0.00000138 0.00000000     0.00   0.00
   300.00     0.00  0.00  -0.000  0.000   0.00000276 0.00000000     0.00   0.00
   325.00     0.00  0.00  -0.000  0.000   0.00000508 0.00000000     0.00   0.00
   350.00     0.00  0.00  -0.000  0.000   0.00000869 0.00000000     0.00   0.00
   375.00     0.00  0.00  -0.000  0.000   0.00001401 0.00000000     0.00   0.00
   400.00     0.00  0.00  -0.000  0.000   0.00002148 0.00000000     0.00   0.00
   425.00     0.00  0.00  -0.000  0.000   0.00003158 0.00000000     0.00   0.00
   450.00     0.00  0.00  -0.000  0.000   0.00004478 0.00000001     0.00   0.00
   475.00     0.00  0.00   0.000  0.000   0.00006154 0.00000002     0.00   0.00
   500.00     0.00  0.00   0.000  0.000   0.00008233 0.00000003     0.00   0.00
   525.00     0.01  0.00   0.000  0.000   0.00010758 0.00000006     0.00   0.00
   550.00     0.01  0.00   0.000  0.000   0.00013770 0.00000011     0.00   0.00
   575.00     0.01  0.00   0.000  0.000   0.00017307 0.00000020     0.00   0.00
   600.00     0.01  0.00   0.000  0.000   0.00021402 0.00000033     0.00   0.00
   625.00     0.01  0.00   0.000  0.000   0.00026086 0.00000053     0.00   0.00
   650.00     0.02  0.00   0.000  0.000   0.00031387 0.00000083     0.00   0.00
   675.00     0.02  0.00   0.000  0.000   0.00037329 0.00000127     0.00   0.00
   700.00     0.03  0.00   0.000  0.000   0.00043934 0.00000191     0.00   0.00
   725.00     0.03  0.00   0.000  0.000   0.00051219 0.00000279     0.00   0.00
   750.00     0.03  0.00   0.000  0.000   0.00059201 0.00000401     0.00   0.00
   775.00     0.04  0.00   0.000  0.000   0.00067892 0.00000565     0.00   0.00
   800.00     0.04  0.00   0.000  0.000   0.00077305 0.00000783     0.00   0.00
   825.00     0.05  0.00   0.000  0.000   0.00087449 0.00001068     0.00   0.00
   850.00     0.06  0.00   0.000  0.000   0.00098331 0.00001435     0.00   0.00
   875.00     0.06  0.00   0.000  0.000   0.00109959 0.00001902     0.00   0.00
   900.00     0.07  0.00   0.000  0.000   0.00122337 0.00002489     0.00   0.00
   925.00     0.08  0.00   0.000  0.000   0.00135471 0.00003218     0.00   0.00
   950.00     0.09  0.00   0.000  0.000   0.00149363 0.00004115     0.00   0.00
   975.00     0.09  0.00   0.000  0.000   0.00164017 0.00005209     0.01   0.01
  1000.00     0.10  0.00   0.000  0.000   0.00179434 0.00006531     0.01   0.01
  1025.00     0.11  0.00   0.000  0.000   0.00195618 0.00008115     0.01   0.01
  1050.00     0.12  0.00   0.000  0.000   0.00212568 0.00009998     0.01   0.01
  1075.00     0.13  0.00   0.000  0.000   0.00230285 0.00012223     0.01   0.01
  1100.00     0.14  0.00   0.001  0.000   0.00248772 0.00014834     0.01   0.01
  1125.00     0.15  0.00   0.001  0.000   0.00268026 0.00017877     0.02   0.02
  1150.00     0.17  0.00   0.001  0.000   0.00288049 0.00021405     0.02   0.02
  1175.00     0.18  0.00   0.001  0.000   0.00308839 0.00025473     0.02   0.02
  1200.00     0.19  0.00   0.001  0.000   0.00330396 0.00030139     0.03   0.02
  1225.00     0.20  0.00   0.001  0.000   0.00352719 0.00035465     0.03   0.03
  1250.00     0.22  0.00   0.002  0.000   0.00375805 0.00041518     0.03   0.03
  1275.00     0.23  0.00   0.002  0.000   0.00399652 0.00048366     0.04   0.04
  1300.00     0.24  0.00   0.002  0.000   0.00424257 0.00056083     0.04   0.04
  1325.00     0.26  0.00   0.003  0.000   0.00449616 0.00064747     0.05   0.05
  1350.00     0.27  0.00   0.003  0.000   0.00475725 0.00074436     0.05   0.05
  1375.00     0.29  0.00   0.003  0.000   0.00502578 0.00085237     0.06   0.06
  1400.00     0.30  0.00   0.004  0.000   0.00530168 0.00097237     0.07   0.07
  1425.00     0.32  0.00   0.004  0.000   0.00558487 0.00110526     0.08   0.07
  1450.00     0.34  0.00   0.005  0.000   0.00587527 0.00125202     0.08   0.08
  1475.00     0.35  0.00   0.005  0.000   0.00617276 0.00141361     0.09   0.09
  1500.00     0.37  0.00   0.006  0.000   0.00647724 0.00159106     0.10   0.10
  1525.00     0.39  0.00   0.007  0.000   0.00678856 0.00178542     0.11   0.11
  1550.00     0.41  0.00   0.008  0.000   0.00710657 0.00199778     0.12   0.12
  1575.00     0.43  0.00   0.009  0.000   0.00743108 0.00222926     0.14   0.13
  1600.00     0.45  0.00   0.010  0.000   0.00776191 0.00248101     0.15   0.14
  1625.00     0.47  0.00   0.011  0.000   0.00809884 0.00275420     0.16   0.16
  1650.00     0.49  0.00   0.012  0.000   0.00844161 0.00305005     0.17   0.17
  1675.00     0.51  0.00   0.013  0.000   0.00878995 0.00336978     0.19   0.18
  1700.00     0.53  0.00   0.014  0.000   0.00914356 0.00371467     0.21   0.20
  1725.00     0.55  0.00   0.016  0.000   0.00950212 0.00408599     0.22   0.22
  1750.00     0.57  0.00   0.017  0.000   0.00986526 0.00448506     0.24   0.23
  1775.00     0.59  0.00   0.019  0.000   0.01023256 0.00491318     0.26   0.25
  1800.00     0.61  0.00   0.021  0.000   0.01060363 0.00537175     0.28   0.27
  1825.00     0.64  0.00   0.023  0.000   0.01097798 0.00586209     0.30   0.29
  1850.00     0.66  0.00   0.025  0.000   0.01135508 0.00638558     0.32   0.31
  1875.00     0.68  0.00   0.027  0.000   0.01173439 0.00694362     0.34   0.33
  1900.00     0.70  0.00   0.029  0.000   0.01211534 0.00753761     0.36   0.35
  1925.00     0.73  0.00   0.032  0.000   0.01249727 0.00816896     0.39   0.38
  1950.00     0.75  0.00   0.034  0.000   0.01287952 0.00883908     0.41   0.40
  1975.00     0.77  0.00   0.037  0.000   0.01326131 0.00954937     0.44   0.43
  2000.00     0.80  0.00   0.040  0.000   0.01364191 0.01030126     0.47   0.45
  2025.00     0.82  0.00   0.043  0.000   0.01402047 0.01109614     0.50   0.48
  2050.00     0.84  0.00   0.046  0.000   0.01439609 0.01193539     0.53   0.51
  2075.00     0.87  0.00   0.050  0.000   0.01476787 0.01282043     0.56   0.54
  2100.00     0.89  0.00   0.053  0.000   0.01513479 0.01375257     0.59   0.57
  2125.00     0.91  0.00   0.057  0.000   0.01549583 0.01473322     0.62   0.60
  2150.00     0.94  0.00   0.061  0.000   0.01584987 0.01576367     0.66   0.63
  2175.00     0.96  0.00   0.065  0.000   0.01619576 0.01684519     0.69   0.67
  2200.00     0.98  0.00   0.070  0.000   0.01653229 0.01797904     0.73   0.70
  2225.00     1.00  0.00   0.074  0.000   0.01685821 0.01916651     0.77   0.74
  2250.00     1.03  0.00   0.079  0.000   0.01717215 0.02040867     0.80   0.78
  2275.00     1.05  0.00   0.084  0.000   0.01747280 0.02170678     0.84   0.81
  2300.00     1.07  0.00   0.089  0.000   0.01775864 0.02306178     0.89   0.85
  2325.00     1.09  0.00   0.094  0.000   0.01802827 0.02447480     0.93   0.89
  2350.00     1.10  0.00   0.100  0.000   0.01828010 0.02594677     0.97   0.93
  2375.00     1.12  0.00   0.106  0.000   0.01851252 0.02747862     1.02   0.98
  2400.00     1.14  0.00   0.112  0.000   0.01872397 0.02907107     1.06   1.02
  2425.00     1.15  0.00   0.118  0.000   0.01891269 0.03072503     1.11   1.06
  2450.00     1.17  0.00   0.124  0.000   0.01907695 0.03244099     1.16   1.11
  2475.00     1.18  0.00   0.131  0.000   0.01921497 0.03421961     1.21   1.15
  2500.00     1.19  0.00   0.138  0.000   0.01932505 0.03606153     1.26   1.20