     0.00     0.00  0.00  -0.000  0.000   0.00000000 0.00000000     0.00   0.00
    25.00     0.04  0.00  -0.000  0.000   0.00077890 0.00000061     0.01   0.00
    50.00     0.35  0.00  -0.000  0.000   0.00615512 0.00003789     0.20  -0.00
    75.00     1.17  0.00  -0.000  0.000   0.02044822 0.00041830     0.99  -0.00
   100.00     2.74  0.00   0.000  0.000   0.04777185 0.00228738     3.11   0.00
   125.00     5.33  0.00  -0.000  0.000   0.09243312 0.00861816     7.67   0.00
   150.00     9.28  0.00  -0.000  0.000   0.15918735 0.02601752    16.51   0.00
   175.00    15.14  0.00   0.000  0.000   0.25207549 0.06819224    32.67   0.00
   200.00    23.69  0.00   0.000  0.000   0.36793709 0.16144083    60.90  -0.00
   225.00    35.98  0.00   0.000  0.000   0.47542062 0.34516063   105.85   0.00
   250.00    52.65  0.00   0.000  0.000   0.48227024 0.63196725   161.53   0.00
   275.00    72.29  0.00   0.000  0.000   0.28974560 0.90748924   197.22   0.00
   300.00    91.07  0.00   0.002  0.000  -0.01866254 0.99913418   187.66   0.10
   325.00   106.10  0.00   0.004  0.000  -0.26590022 0.92225373   151.75   0.16
   350.00   117.20  0.00   0.005  0.000  -0.40552136 0.79035121   115.24   0.18
   375.00   125.36  0.00   0.005  0.000  -0.47074077 0.66464216    86.72   0.17
   400.00   131.55  0.00   0.005  0.000  -0.49518266 0.56000930    65.94   0.14
   425.00   136.42  0.00   0.004  0.000  -0.49841321 0.47534847    50.88   0.10
   450.00   140.40  0.00   0.003  0.000  -0.49047020 0.40640321    39.80   0.07
   475.00   143.78  0.00   0.001  0.000  -0.47637346 0.34926328    31.47   0.03
   500.00   146.73  0.00   0.000  0.000  -0.45860469 0.30098110    25.08   0.01
   525.00   149.37  0.00   0.000  0.000  -0.43834955 0.25952038    20.09   0.00
   550.00   151.80  0.00   0.002  0.000  -0.41616204 0.22358726    16.14   0.03
   575.00   154.05  0.00   0.006  0.000  -0.39235076 0.19244236    13.01   0.10
   600.00   156.16  0.00   0.014  0.000  -0.36719626 0.16571170    10.52   0.22
   625.00   158.15  0.00   0.026  0.000  -0.34104970 0.14321449     8.56   0.38
   650.00   160.02  0.00   0.042  0.000  -0.31435347 0.12482759     7.05   0.59
   675.00   161.78  0.00   0.062  0.000  -0.28761393 0.11039160     5.91   0.83
   700.00   163.43  0.00   0.086  0.000  -0.26134804 0.09966021     5.06   1.09
   725.00   164.97  0.00   0.112  0.000  -0.23602706 0.09228969     4.46   1.36
   750.00   166.39  0.00   0.141  0.000  -0.21203406 0.08785857     4.05   1.62
   775.00   167.70  0.00   0.170  0.000  -0.18963917 0.08590166     3.78   1.87
   800.00   168.90  0.00   0.200  0.000  -0.16899537 0.08594824     3.62   2.10
   825.00   170.00  0.00   0.229  0.000  -0.15015106 0.08755422     3.53   2.31
   850.00   171.00  0.00   0.258  0.000  -0.13306928 0.09032454     3.50   2.50
   875.00   171.92  0.00   0.285  0.000  -0.11765234 0.09392475     3.49   2.65
   900.00   172.76  0.00   0.311  0.000  -0.10376305 0.09808456     3.51   2.78
   925.00   173.53  0.00   0.335  0.000  -0.09124391 0.10259505     3.54   2.89
   950.00   174.25  0.00   0.358  0.000  -0.07993057 0.10730268     3.57   2.97
   975.00   174.91  0.00   0.379  0.000  -0.06966345 0.11210156     3.60   3.04
  1000.00   175.53  0.00   0.398  0.000  -0.06029438 0.11692600     3.63   3.09
  1025.00   176.11  0.00   0.417  0.000  -0.05169167 0.12174224     3.66   3.13
  1050.00   176.66  0.00   0.434  0.000  -0.04374470 0.12654147     3.68   3.16
  1075.00   177.18  0.00   0.451  0.000  -0.03636464 0.13133134     3.71   3.18
  1100.00   177.68  0.00   0.467  0.000  -0.02948482 0.13612904     3.73   3.20
  1125.00   178.16  0.00   0.482  0.000  -0.02305850 0.14095429     3.75   3.21
  1150.00   178.62  0.00   0.497  0.000  -0.01705473 0.14582545     3.77   3.21
  1175.00   179.06  0.00   0.512  0.000  -0.01145482 0.15075658     3.79   3.21
  1200.00   179.48  0.00   0.526  0.000  -0.00624912 0.15575655     3.81   3.21
  1225.00   179.88  0.00   0.540  0.000  -0.00143421 0.16082865     3.83   3.21
  1250.00   180.26  0.00   0.554  0.000   0.00298893 0.16597016     3.85   3.21
  1275.00     0.61  0.00   0.567  0.000   0.00701692 0.17117293     3.87   3.21
  1300.00     0.94  0.00   0.581  0.000   0.01064546 0.17642312     3.89   3.20
  1325.00     1.25  0.00   0.594  0.000   0.01387073 0.18170221     3.91   3.20
  1350.00     1.53  0.00   0.607  0.000   0.01669101 0.18698706     3.93   3.19
  1375.00     1.78  0.00   0.620  0.000   0.01910721 0.19225138     3.95   3.18
  1400.00     2.00  0.00   0.632  0.000   0.02112378 0.19746660     3.96   3.17
  1425.00     2.19  0.00   0.644  0.000   0.02274951 0.20260252     3.98   3.16
  1450.00     2.35  0.00   0.656  0.000   0.02399731 0.20762934     3.99   3.15
  1475.00     2.47  0.00   0.667  0.000   0.02488412 0.21251765     4.00   3.13
  1500.00     2.57  0.00   0.678  0.000   0.02543072 0.21724065     4.00   3.12
  1525.00     2.63  0.00   0.688  0.000   0.02566123 0.22177345     4.00   3.10
  1550.00     2.67  0.00   0.697  0.000   0.02560223 0.22609496     4.00   3.08
  1575.00     2.68  0.00   0.706  0.000   0.02528222 0.23018762     3.99   3.06
  1600.00     2.66  0.00   0.715  0.000   0.02473094 0.23403749     3.98   3.04
  1625.00     2.61  0.00   0.722  0.000   0.02397814 0.23763466     3.96   3.01
  1650.00     2.54  0.00   0.729  0.000   0.02305375 0.24097307     3.94   2.98
  1675.00     2.45  0.00   0.736  0.000   0.02198652 0.24404968     3.92   2.96
  1700.00     2.35  0.00   0.742  0.000   0.02080409 0.24686509     3.89   2.93
  1725.00     2.23  0.00   0.747  0.000   0.01953238 0.24942212     3.86   2.89
  1750.00     2.10  0.00   0.752  0.000   0.01819543 0.25172639     3.83   2.86
  1775.00     1.95  0.00   0.756  0.000   0.01681527 0.25378504     3.80   2.83
  1800.00     1.80  0.00   0.760  0.000   0.01541160 0.25560695     3.76   2.80
  1825.00     1.65  0.00   0.763  0.000   0.01400219 0.25720179     3.72   2.76
  1850.00     1.49  0.00   0.766  0.000   0.01260276 0.25858051     3.68   2.73
  1875.00     1.34  0.00   0.769  0.000   0.01122676 0.25975421     3.64   2.69
  1900.00     1.18  0.00   0.771  0.000   0.00988598 0.26073435     3.59   2.65
  1925.00     1.03  0.00   0.772  0.000   0.00859035 0.26153243     3.55   2.62
  1950.00     0.88  0.00   0.774  0.000   0.00734827 0.26215991     3.50   2.58
  1975.00     0.74  0.00   0.774  0.000   0.00616689 0.26262796     3.45   2.55
  2000.00     0.61  0.00   0.775  0.000   0.00505158 0.26294741     3.41   2.51
  2025.00     0.48  0.00   0.776  0.000   0.00400711 0.26312876     3.36   2.47
  2050.00     0.37  0.00   0.776  0.000   0.00303692 0.26318175     3.31   2.44
  2075.00     0.26  0.00   0.776  0.000   0.00214369 0.26311609     3.26   2.40
  2100.00     0.16  0.00   0.775  0.000   0.00132922 0.26294062     3.21   2.37
  2125.00     0.07  0.00   0.775  0.000   0.00059469 0.26266369     3.17   2.33
  2150.00    -0.01  0.00   0.774  0.000  -0.00005897 0.26229325     3.12   2.30
  2175.00    -0.08  0.00   0.773  0.000  -0.00063184 0.26183671     3.07   2.27
  2200.00    -0.13  0.00   0.772  0.000  -0.00112414 0.26130113     3.02   2.23
  2225.00    -0.18  0.00   0.771  0.000  -0.00153627 0.26069286     2.98   2.20
  2250.00    -0.22  0.00   0.770  0.000  -0.00186934 0.26001778     2.93   2.17
  2275.00    -0.25  0.00   0.768  0.000  -0.00212417 0.25928184     2.88   2.14
  2300.00    -0.27  0.00   0.767  0.000  -0.00230222 0.25848997     2.84   2.10
  2325.00    -0.28  0.00   0.765  0.000  -0.00240505 0.25764713     2.79   2.07
  2350.00    -0.29  0.00   0.763  0.000  -0.00243402 0.25675774     2.75   2.04
  2375.00    -0.28  0.00   0.761  0.000  -0.00239088 0.25582621     2.70   2.01
  2400.00    -0.27  0.00   0.760  0.000  -0.00227750 0.25485617     2.66   1.98
  2425.00    -0.24  0.00   0.758  0.000  -0.00209561 0.25385144     2.62   1.95
  2450.00    -0.21  0.00   0.756  0.000  -0.00184712 0.25281531     2.58   1.93
  2475.00    -0.18  0.00   0.753  0.000  -0.00153397 0.25175089     2.54   1.90
  2500.00    -0.13  0.00   0.751  0.000  -0.00115808 0.25066122     2.50   1.87