     0.00     0.00  0.00   0.000  0.000   0.00000000-0.00000000    -0.00  -0.00
    25.00     0.00  0.00  -0.000  0.000   0.00000000 0.00000000     0.00   0.00
    50.00     0.00  0.00  -0.000  0.000   0.00000000 0.00000000     0.00   0.00
    75.00     0.00  0.00  -0.000  0.000   0.00000000 0.00000000     0.00   0.00
   100.00     0.00  0.00  -0.000  0.000   0.00000000 0.00000000     0.00   0.00
   125.00     0.00  0.00  -0.000  0.000   0.00000001 0.00000000     0.00   0.00
   150.00     0.00  0.00  -0.000  0.000   0.00000003 0.00000000     0.00   0.00
   175.00     0.00  0.00  -0.000  0.000   0.00000013 0.00000000     0.00   0.00
   200.00     0.00  0.00  -0.000  0.000   0.00000041 0.00000000     0.00   0.00
   225.00     0.00  0.00  -0.000  0.000   0.00000105 0.00000000     0.00   0.00
   250.00     0.00  0.00  -0.000  0.000   0.00000230 0.00000000     0.00   0.00
   275.00     0.00  0.00  -0.000  0.000   0.00000450 0.00000000     0.00   0.00
   300.00     0.00  0.00  -0.000  0.000   0.00000801 0.00000000     0.00   0.00
   325.00     0.00  0.00  -0.000  0.000   0.00001317 0.00000000     0.00   0.00
   350.00     0.00  0.00  -0.000  0.000   0.00002035 0.00000000     0.00   0.00
   375.00     0.00  0.00  -0.000  0.000   0.00002982 0.00000000     0.00   0.00
   400.00     0.00  0.00  -0.000  0.000   0.00004182 0.00000000     0.00   0.00
   425.00     0.00  0.00  -0.000  0.000   0.00005650 0.00000001     0.00   0.00
   450.00     0.00  0.00  -0.000  0.000   0.00007391 0.00000001     0.00   0.00
   475.00     0.01  0.00   0.000  0.000   0.00009403 0.00000003     0.00   0.00
   500.00     0.01  0.00   0.000  0.000   0.00011674 0.00000005     0.00   0.00
   525.00     0.01  0.00   0.000  0.000   0.00014188 0.00000008     0.00   0.00
   550.00     0.01  0.00   0.000  0.000   0.00016920 0.00000013     0.00   0.00
   575.00     0.01  0.00   0.000  0.000   0.00019839 0.00000021     0.00   0.00
   600.00     0.01  0.00   0.000  0.000   0.00022910 0.00000033     0.00   0.00
   625.00     0.01  0.00   0.000  0.000   0.00026097 0.00000052     0.00   0.00
   650.00     0.02  0.00   0.000  0.000   0.00029358 0.00000078     0.00   0.00
   675.00     0.02  0.00   0.000  0.000   0.00032651 0.00000117     0.00   0.00
   700.00     0.02  0.00   0.000  0.000   0.00035934 0.00000171     0.00   0.00
   725.00     0.02  0.00   0.000  0.000   0.00039163 0.00000246     0.00   0.00
   750.00     0.02  0.00   0.000  0.000   0.00042297 0.00000348     0.00   0.00
   775.00     0.03  0.00   0.000  0.000   0.00045292 0.00000486     0.00   0.00
   800.00     0.03  0.00   0.000  0.000   0.00048110 0.00000668     0.00   0.00
   825.00     0.03  0.00   0.000  0.000   0.00050710 0.00000907     0.00   0.00
   850.00     0.03  0.00   0.000  0.000   0.00053055 0.00001215     0.00   0.00
   875.00     0.03  0.00   0.000  0.000   0.00055110 0.00001609     0.00   0.00
   900.00     0.03  0.00   0.000  0.000   0.00056841 0.00002106     0.00   0.00
   925.00     0.03  0.00   0.000  0.000   0.00058215 0.00002728     0.00   0.00
   950.00     0.03  0.00   0.000  0.000   0.00059200 0.00003497     0.00   0.00
   975.00     0.03  0.00   0.000  0.000   0.00059765 0.00004441     0.00   0.00
  1000.00     0.03  0.00   0.000  0.000   0.00059881 0.00005589     0.01   0.01
  1025.00     0.03  0.00   0.000  0.000   0.00059517 0.00006972     0.01   0.01
  1050.00     0.03  0.00   0.000  0.000   0.00058643 0.00008628     0.01   0.01
  1075.00     0.03  0.00   0.000  0.000   0.00057227 0.00010592     0.01   0.01
  1100.00     0.03  0.00   0.001  0.000   0.00055236 0.00012907     0.01   0.01
  1125.00     0.03  0.00   0.001  0.000   0.00052633 0.00015613     0.01   0.01
  1150.00     0.03  0.00   0.001  0.000   0.00049380 0.00018756     0.02   0.02
  1175.00     0.03  0.00   0.001  0.000   0.00045435 0.00022382     0.02   0.02
  1200.00     0.02  0.00   0.001  0.000   0.00040752 0.00026534     0.02   0.02
  1225.00     0.02  0.00   0.001  0.000   0.00035279 0.00031259     0.03   0.03
  1250.00     0.02  0.00   0.001  0.000   0.00028961 0.00036600     0.03   0.03
  1275.00     0.01  0.00   0.002  0.000   0.00021738 0.00042598     0.03   0.03
  1300.00     0.01  0.00   0.002  0.000   0.00013544 0.00049289     0.04   0.04
  1325.00     0.00  0.00   0.002  0.000   0.00004310 0.00056707     0.04   0.04
  1350.00    -0.00  0.00   0.003  0.000  -0.00006039 0.00064878     0.05   0.05
  1375.00    -0.01  0.00   0.003  0.000  -0.00017580 0.00073821     0.05   0.05
  1400.00    -0.02  0.00   0.003  0.000  -0.00030393 0.00083547     0.06   0.06
  1425.00    -0.03  0.00   0.004  0.000  -0.00044559 0.00094058     0.06   0.06
  1450.00    -0.03  0.00   0.004  0.000  -0.00060160 0.00105347     0.07   0.07
  1475.00    -0.04  0.00   0.005  0.000  -0.00077274 0.00117398     0.08   0.08
  1500.00    -0.06  0.00   0.005  0.000  -0.00095978 0.00130184     0.08   0.08
  1525.00    -0.07  0.00   0.006  0.000  -0.00116345 0.00143670     0.09   0.09
  1550.00    -0.08  0.00   0.006  0.000  -0.00138440 0.00157811     0.10   0.10
  1575.00    -0.09  0.00   0.007  0.000  -0.00162322 0.00172555     0.10   0.10
  1600.00    -0.11  0.00   0.007  0.000  -0.00188040 0.00187844     0.11   0.11
  1625.00    -0.12  0.00   0.008  0.000  -0.00215637 0.00203613     0.12   0.12
  1650.00    -0.14  0.00   0.009  0.000  -0.00245143 0.00219794     0.13   0.13
  1675.00    -0.16  0.00   0.009  0.000  -0.00276579 0.00236316     0.13   0.13
  1700.00    -0.18  0.00   0.010  0.000  -0.00309956 0.00253110     0.14   0.14
  1725.00    -0.20  0.00   0.011  0.000  -0.00345274 0.00270104     0.15   0.15
  1750.00    -0.22  0.00   0.011  0.000  -0.00382527 0.00287230     0.15   0.15
  1775.00    -0.24  0.00   0.012  0.000  -0.00421695 0.00304422     0.16   0.16
  1800.00    -0.27  0.00   0.013  0.000  -0.00462757 0.00321621     0.17   0.16
  1825.00    -0.29  0.00   0.013  0.000  -0.00505680 0.00338768     0.17   0.17
  1850.00    -0.32  0.00   0.014  0.000  -0.00550425 0.00355814     0.18   0.18
  1875.00    -0.34  0.00   0.015  0.000  -0.00596954 0.00372714     0.18   0.18
  1900.00    -0.37  0.00   0.015  0.000  -0.00645220 0.00389429     0.19   0.19
  1925.00    -0.40  0.00   0.016  0.000  -0.00695175 0.00405925     0.19   0.19
  1950.00    -0.43  0.00   0.017  0.000  -0.00746773 0.00422176     0.20   0.19
  1975.00    -0.46  0.00   0.017  0.000  -0.00799960 0.00438160     0.20   0.20
  2000.00    -0.49  0.00   0.018  0.000  -0.00854689 0.00453862     0.21   0.20
  2025.00    -0.53  0.00   0.018  0.000  -0.00910909 0.00469269     0.21   0.20
  2050.00    -0.56  0.00   0.019  0.000  -0.00968569 0.00484375     0.21   0.21
  2075.00    -0.59  0.00   0.019  0.000  -0.01027627 0.00499177     0.22   0.21
  2100.00    -0.63  0.00   0.020  0.000  -0.01088030 0.00513675     0.22   0.21
  2125.00    -0.67  0.00   0.020  0.000  -0.01149741 0.00527873     0.22   0.22
  2150.00    -0.70  0.00   0.021  0.000  -0.01212715 0.00541777     0.23   0.22
  2175.00    -0.74  0.00   0.021  0.000  -0.01276911 0.00555396     0.23   0.22
  2200.00    -0.78  0.00   0.022  0.000  -0.01342292 0.00568739     0.23   0.22
  2225.00    -0.82  0.00   0.022  0.000  -0.01408826 0.00581819     0.23   0.22
  2250.00    -0.86  0.00   0.023  0.000  -0.01476473 0.00594647     0.23   0.22
  2275.00    -0.90  0.00   0.023  0.000  -0.01545210 0.00607240     0.24   0.23
  2300.00    -0.94  0.00   0.024  0.000  -0.01614997 0.00619609     0.24   0.23
  2325.00    -0.98  0.00   0.024  0.000  -0.01685814 0.00631771     0.24   0.23
  2350.00    -1.02  0.00   0.024  0.000  -0.01757634 0.00643741     0.24   0.23
  2375.00    -1.06  0.00   0.025  0.000  -0.01830431 0.00655532     0.24   0.23
  2400.00    -1.11  0.00   0.025  0.000  -0.01904181 0.00667162     0.24   0.23
  2425.00    -1.15  0.00   0.025  0.000  -0.01978867 0.00678646     0.25   0.23
  2450.00    -1.19  0.00   0.026  0.000  -0.02054460 0.00689997     0.25   0.23
  2475.00    -1.24  0.00   0.026  0.000  -0.02130947 0.00701231     0.25   0.23
  2500.00    -1.28  0.00   0.026  0.000  -0.02208314 0.00712364     0.25   0.23