     0.00    -0.01  0.00  -0.000  0.000  -0.00009751 0.00000001     1.65   0.00
    25.00    -0.72  0.00  -0.000  0.000  -0.01261232 0.00015910     1.65   0.00
    50.00    -1.54  0.00  -0.000  0.000  -0.02683533 0.00072065     1.89   0.00
    75.00    -2.51  0.00  -0.000  0.000  -0.04369423 0.00191284     2.26   0.00
   100.00    -3.64  0.00   0.000  0.000  -0.06341188 0.00403737     2.74  -0.00
   125.00    -4.93  0.00   0.000  0.000  -0.08557238 0.00737705     3.28  -0.00
   150.00    -6.32  0.00   0.000  0.000  -0.10942259 0.01212020     3.85   0.00
   175.00    -7.78  0.00  -0.000  0.000  -0.13413118 0.01832705     4.39   0.00
   200.00    -9.27  0.00  -0.000  0.000  -0.15894596 0.02593652     4.89   0.00
   225.00   -10.75  0.00   0.000  0.000  -0.18326706 0.03479769     5.34   0.00
   250.00   -12.21  0.00   0.000  0.000  -0.20666856 0.04471096     5.71   0.00
   275.00   -13.62  0.00  -0.000  0.000  -0.22888765 0.05546604     6.03   0.00
   300.00   -14.99  0.00   0.001  0.000  -0.24967915 0.06707770     6.30   0.02
   325.00   -16.30  0.00   0.002  0.000  -0.26909035 0.07921699     6.52   0.04
   350.00   -17.56  0.00   0.003  0.000  -0.28720534 0.09168717     6.68   0.06
   375.00   -18.77  0.00   0.004  0.000  -0.30412182 0.10436126     6.81   0.06
   400.00   -19.94  0.00   0.004  0.000  -0.31992462 0.11714336     6.90   0.06
   425.00   -21.06  0.00   0.004  0.000  -0.33465722 0.12995233     6.95   0.06
   450.00   -22.14  0.00   0.004  0.000  -0.34831101 0.14270110     6.99   0.05
   475.00   -23.15  0.00   0.004  0.000  -0.36082765 0.15527971     7.00   0.04
   500.00   -24.11  0.00   0.004  0.000  -0.37210974 0.16754706     6.98   0.04
   525.00   -25.00  0.00   0.005  0.000  -0.38202909 0.17933087     6.94   0.05
   550.00   -25.79  0.00   0.007  0.000  -0.39043087 0.19043590     6.87   0.06
   575.00   -26.50  0.00   0.011  0.000  -0.39712882 0.20065412     6.78   0.09
   600.00   -27.08  0.00   0.017  0.000  -0.40188605 0.20977369     6.66   0.14
   625.00   -27.54  0.00   0.027  0.000  -0.40438253 0.21759529     6.51   0.20
   650.00   -27.83  0.00   0.042  0.000  -0.40416518 0.22395898     6.33   0.30
   675.00   -27.95  0.00   0.064  0.000  -0.40058023 0.22880350     6.12   0.43
   700.00   -27.86  0.00   0.096  0.000  -0.39269251 0.23228514     5.90   0.61
   725.00   -27.53  0.00   0.144  0.000  -0.37922141 0.23501569     5.68   0.87
   750.00   -26.95  0.00   0.212  0.000  -0.35859773 0.23849402     5.49   1.22
   775.00   -26.17  0.00   0.307  0.000  -0.32941589 0.24575824     5.41   1.69
   800.00   -25.39  0.00   0.433  0.000  -0.29178822 0.26193830     5.51   2.28
   825.00   -25.21  0.00   0.580  0.000  -0.24986613 0.29342687     5.92   2.92
   850.00   -26.91  0.00   0.720  0.000  -0.21365079 0.34370583     6.65   3.48
   875.00   -32.31  0.00   0.813  0.000  -0.19520667 0.40742064     7.58   3.78
   900.00   -40.88  0.00   0.838  0.000  -0.19935896 0.47115359     8.43   3.75
   925.00   -48.00  0.00   0.804  0.000  -0.22020292 0.52311289     9.02   3.47
   950.00   -51.77  0.00   0.740  0.000  -0.24778605 0.55966598     9.31   3.08
   975.00   -53.42  0.00   0.670  0.000  -0.27480930 0.58318490     9.37   2.69
  1000.00   -54.08  0.00   0.607  0.000  -0.29789433 0.59767658     9.28   2.36
  1025.00   -54.31  0.00   0.555  0.000  -0.31617269 0.60654640     9.12   2.08
  1050.00   -54.39  0.00   0.514  0.000  -0.32991034 0.61216486     8.91   1.87
  1075.00   -54.43  0.00   0.484  0.000  -0.33977255 0.61606491     8.69   1.71
  1100.00   -54.49  0.00   0.463  0.000  -0.34651437 0.61919588     8.48   1.58
  1125.00   -54.59  0.00   0.448  0.000  -0.35085008 0.62210077     8.27   1.49
  1150.00   -54.74  0.00   0.438  0.000  -0.35338929 0.62504613     8.07   1.41
  1175.00   -54.93  0.00   0.431  0.000  -0.35461164 0.62812608     7.89   1.35
  1200.00   -55.15  0.00   0.427  0.000  -0.35487312 0.63134152     7.72   1.31
  1225.00   -55.40  0.00   0.425  0.000  -0.35442936 0.63465315     7.55   1.26
  1250.00   -55.66  0.00   0.424  0.000  -0.35346174 0.63800859     7.40   1.23
  1275.00   -55.94  0.00   0.424  0.000  -0.35209954 0.64135760     7.25   1.20
  1300.00   -56.22  0.00   0.425  0.000  -0.35043609 0.64465475     7.11   1.17
  1325.00   -56.49  0.00   0.427  0.000  -0.34853983 0.64786267     6.97   1.15
  1350.00   -56.77  0.00   0.429  0.000  -0.34646162 0.65095127     6.84   1.13
  1375.00   -57.04  0.00   0.431  0.000  -0.34424067 0.65389597     6.71   1.11
  1400.00   -57.31  0.00   0.434  0.000  -0.34190676 0.65667689     6.59   1.09
  1425.00   -57.57  0.00   0.438  0.000  -0.33948347 0.65927851     6.47   1.07
  1450.00   -57.82  0.00   0.441  0.000  -0.33698916 0.66168827     6.36   1.06
  1475.00   -58.05  0.00   0.445  0.000  -0.33443868 0.66389579     6.24   1.05
  1500.00   -58.28  0.00   0.449  0.000  -0.33184376 0.66589272     6.13   1.03
  1525.00   -58.50  0.00   0.454  0.000  -0.32921377 0.66767222     6.02   1.02
  1550.00   -58.70  0.00   0.459  0.000  -0.32655591 0.66922843     5.91   1.01
  1575.00   -58.89  0.00   0.464  0.000  -0.32387570 0.67055660     5.81   1.01
  1600.00   -59.06  0.00   0.470  0.000  -0.32117739 0.67165178     5.71   1.00
  1625.00   -59.22  0.00   0.475  0.000  -0.31846383 0.67251033     5.61   0.99
  1650.00   -59.37  0.00   0.481  0.000  -0.31573650 0.67312831     5.51   0.98
  1675.00   -59.50  0.00   0.488  0.000  -0.31299621 0.67350209     5.41   0.98
  1700.00   -59.62  0.00   0.494  0.000  -0.31024247 0.67362833     5.31   0.97
  1725.00   -59.72  0.00   0.501  0.000  -0.30747357 0.67350310     5.22   0.97
  1750.00   -59.80  0.00   0.509  0.000  -0.30468711 0.67312324     5.12   0.97
  1775.00   -59.87  0.00   0.516  0.000  -0.30188003 0.67248476     5.03   0.97
  1800.00   -59.92  0.00   0.525  0.000  -0.29904753 0.67158413     4.94   0.96
  1825.00   -59.96  0.00   0.533  0.000  -0.29618448 0.67041767     4.85   0.96
  1850.00   -59.97  0.00   0.542  0.000  -0.29328424 0.66898078     4.76   0.96
  1875.00   -59.97  0.00   0.551  0.000  -0.29033938 0.66726989     4.67   0.96
  1900.00   -59.95  0.00   0.560  0.000  -0.28734109 0.66528064     4.58   0.97
  1925.00   -59.92  0.00   0.570  0.000  -0.28427950 0.66300899     4.50   0.97
  1950.00   -59.86  0.00   0.581  0.000  -0.28114337 0.66045046     4.41   0.97
  1975.00   -59.78  0.00   0.592  0.000  -0.27792034 0.65760148     4.32   0.97
  2000.00   -59.68  0.00   0.603  0.000  -0.27459586 0.65445781     4.24   0.98
  2025.00   -59.56  0.00   0.615  0.000  -0.27115461 0.65101612     4.15   0.98
  2050.00   -59.41  0.00   0.627  0.000  -0.26757944 0.64727324     4.07   0.99
  2075.00   -59.25  0.00   0.639  0.000  -0.26385108 0.64322662     3.99   0.99
  2100.00   -59.06  0.00   0.653  0.000  -0.25994912 0.63887501     3.90   1.00
  2125.00   -58.84  0.00   0.666  0.000  -0.25585043 0.63421714     3.82   1.00
  2150.00   -58.60  0.00   0.680  0.000  -0.25153023 0.62925398     3.74   1.01
  2175.00   -58.33  0.00   0.695  0.000  -0.24696214 0.62398767     3.66   1.02
  2200.00   -58.03  0.00   0.709  0.000  -0.24211706 0.61842233     3.58   1.03
  2225.00   -57.70  0.00   0.725  0.000  -0.23696375 0.61256403     3.50   1.03
  2250.00   -57.35  0.00   0.740  0.000  -0.23146966 0.60642231     3.42   1.04
  2275.00   -56.95  0.00   0.756  0.000  -0.22559939 0.60000932     3.34   1.05
  2300.00   -56.53  0.00   0.773  0.000  -0.21931654 0.59334105     3.26   1.06
  2325.00   -56.06  0.00   0.789  0.000  -0.21258317 0.58643788     3.18   1.07
  2350.00   -55.56  0.00   0.806  0.000  -0.20535955 0.57932496     3.10   1.08
  2375.00   -55.01  0.00   0.823  0.000  -0.19760564 0.57203257     3.02   1.09
  2400.00   -54.42  0.00   0.840  0.000  -0.18928179 0.56459737     2.95   1.10
  2425.00   -53.78  0.00   0.857  0.000  -0.18034814 0.55706197     2.87   1.11
  2450.00   -53.08  0.00   0.874  0.000  -0.17076787 0.54947656     2.80   1.11
  2475.00   -52.32  0.00   0.890  0.000  -0.16050561 0.54189849     2.73   1.12
  2500.00   -51.48  0.00   0.906  0.000  -0.14953037 0.53439212     2.66   1.13