     0.00     0.00  0.00  -0.000  0.000   0.00000000 0.00000000     0.00   0.00
    25.00     0.00  0.00  -0.000  0.000   0.00000061 0.00000000     0.00   0.00
    50.00     0.00  0.00  -0.000  0.000   0.00001759 0.00000000     0.00   0.00
    75.00     0.01  0.00  -0.000  0.000   0.00011503 0.00000001     0.00   0.00
   100.00     0.02  0.00  -0.000  0.000   0.00040166 0.00000016     0.00  -0.00
   125.00     0.06  0.00   0.000  0.000   0.00099009 0.00000098     0.00   0.00
   150.00     0.11  0.00   0.000  0.000   0.00196008 0.00000384     0.00   0.00
   175.00     0.19  0.00   0.000  0.000   0.00334548 0.00001119     0.01   0.00
   200.00     0.29  0.00  -0.000  0.000   0.00513991 0.00002642     0.01   0.00
   225.00     0.42  0.00  -0.000  0.000   0.00731004 0.00005344     0.02  -0.00
   250.00     0.56  0.00  -0.000  0.000   0.00980925 0.00009623     0.04  -0.00
   275.00     0.72  0.00  -0.000  0.000   0.01258835 0.00015849     0.05   0.00
   300.00     0.89  0.00   0.000  0.000   0.01560299 0.00024638     0.07   0.00
   325.00     1.08  0.00   0.000  0.000   0.01881843 0.00036513     0.09   0.00
   350.00     1.27  0.00   0.000  0.000   0.02221199 0.00052102     0.11   0.01
   375.00     1.48  0.00   0.000  0.000   0.02577436 0.00072214     0.14   0.01
   400.00     1.69  0.00   0.000  0.000   0.02950982 0.00097890     0.17   0.02
   425.00     1.92  0.00   0.001  0.000   0.03343631 0.00130502     0.21   0.03
   450.00     2.16  0.00   0.001  0.000   0.03758498 0.00171904     0.25   0.04
   475.00     2.41  0.00   0.002  0.000   0.04199961 0.00224620     0.30   0.06
   500.00     2.69  0.00   0.003  0.000   0.04673609 0.00292047     0.37   0.09
   525.00     2.98  0.00   0.004  0.000   0.05186170 0.00378636     0.44   0.13
   550.00     3.31  0.00   0.006  0.000   0.05745627 0.00490140     0.53   0.17
   575.00     3.67  0.00   0.009  0.000   0.06361411 0.00634059     0.64   0.23
   600.00     4.08  0.00   0.013  0.000   0.07044563 0.00820323     0.78   0.30
   625.00     4.53  0.00   0.018  0.000   0.07807935 0.01062295     0.95   0.40
   650.00     5.05  0.00   0.024  0.000   0.08666255 0.01378195     1.17   0.52
   675.00     5.65  0.00   0.033  0.000   0.09635998 0.01793137     1.44   0.67
   700.00     6.35  0.00   0.045  0.000   0.10734795 0.02342078     1.78   0.86
   725.00     7.16  0.00   0.062  0.000   0.11979820 0.03074049     2.23   1.12
   750.00     8.12  0.00   0.084  0.000   0.13384141 0.04058113     2.80   1.45
   775.00     9.26  0.00   0.115  0.000   0.14948982 0.05391293     3.56   1.89
   800.00    10.63  0.00   0.157  0.000   0.16648209 0.07207832     4.55   2.47
   825.00    12.27  0.00   0.215  0.000   0.18398747 0.09685909     5.86   3.24
   850.00    14.21  0.00   0.293  0.000   0.20009057 0.13039987     7.57   4.26
   875.00    16.49  0.00   0.399  0.000   0.21103476 0.17468981     9.75   5.56
   900.00    18.98  0.00   0.531  0.000   0.21055515 0.23008417    12.36   7.13
   925.00    21.28  0.00   0.683  0.000   0.19054225 0.29254600    15.14   8.83
   950.00    22.13  0.00   0.827  0.000   0.14507188 0.35117167    17.53  10.32
   975.00    17.62  0.00   0.928  0.000   0.07719904 0.39069903    18.83  11.19
  1000.00     0.28  0.00   0.961  0.000   0.00097801 0.40103987    18.69  11.19
  1025.00   -15.06  0.00   0.929  0.000  -0.06699619 0.38454407    17.34  10.47
  1050.00   -19.24  0.00   0.857  0.000  -0.11754692 0.35208791    15.38   9.36
  1075.00   -19.50  0.00   0.772  0.000  -0.15021177 0.31451678    13.31   8.17
  1100.00   -18.66  0.00   0.690  0.000  -0.16885597 0.27850133    11.44   7.08
  1125.00   -17.55  0.00   0.617  0.000  -0.17791809 0.24689099     9.85   6.15
  1150.00   -16.45  0.00   0.556  0.000  -0.18090905 0.22031915     8.54   5.39
  1175.00   -15.43  0.00   0.506  0.000  -0.18022835 0.19843888     7.48   4.77
  1200.00   -14.52  0.00   0.466  0.000  -0.17740780 0.18058504     6.62   4.27
  1225.00   -13.72  0.00   0.434  0.000  -0.17339337 0.16606697     5.93   3.87
  1250.00   -13.01  0.00   0.408  0.000  -0.16875754 0.15427427     5.37   3.55
  1275.00   -12.38  0.00   0.388  0.000  -0.16384329 0.14470392     4.91   3.29
  1300.00   -11.82  0.00   0.372  0.000  -0.15885194 0.13695198     4.53   3.08
  1325.00   -11.31  0.00   0.360  0.000  -0.15389970 0.13069978     4.22   2.90
  1350.00   -10.86  0.00   0.351  0.000  -0.14905132 0.12569676     3.96   2.76
  1375.00   -10.44  0.00   0.344  0.000  -0.14433981 0.12174514     3.75   2.65
  1400.00   -10.07  0.00   0.340  0.000  -0.13978133 0.11868973     3.57   2.56
  1425.00    -9.72  0.00   0.338  0.000  -0.13538074 0.11640698     3.43   2.49
  1450.00    -9.40  0.00   0.338  0.000  -0.13113856 0.11479876     3.31   2.43
  1475.00    -9.10  0.00   0.339  0.000  -0.12705226 0.11378615     3.21   2.39
  1500.00    -8.83  0.00   0.341  0.000  -0.12311921 0.11330526     3.13   2.36
  1525.00    -8.58  0.00   0.345  0.000  -0.11933763 0.11330394     3.07   2.33
  1550.00    -8.34  0.00   0.350  0.000  -0.11570704 0.11373889     3.02   2.32
  1575.00    -8.12  0.00   0.355  0.000  -0.11222858 0.11457357     2.98   2.31
  1600.00    -7.91  0.00   0.362  0.000  -0.10890565 0.11577652     2.95   2.31
  1625.00    -7.72  0.00   0.369  0.000  -0.10574306 0.11732000     2.93   2.31
  1650.00    -7.55  0.00   0.378  0.000  -0.10274772 0.11917847     2.92   2.32
  1675.00    -7.39  0.00   0.386  0.000  -0.09992798 0.12132820     2.92   2.33
  1700.00    -7.25  0.00   0.396  0.000  -0.09729365 0.12374581     2.93   2.34
  1725.00    -7.12  0.00   0.406  0.000  -0.09485520 0.12640823     2.94   2.36
  1750.00    -7.01  0.00   0.416  0.000  -0.09262393 0.12929185     2.95   2.37
  1775.00    -6.92  0.00   0.427  0.000  -0.09061117 0.13237189     2.97   2.39
  1800.00    -6.85  0.00   0.437  0.000  -0.08882778 0.13562253     2.99   2.41
  1825.00    -6.80  0.00   0.448  0.000  -0.08728432 0.13901661     3.02   2.43
  1850.00    -6.76  0.00   0.459  0.000  -0.08598955 0.14252512     3.04   2.45
  1875.00    -6.75  0.00   0.470  0.000  -0.08495054 0.14611794     3.07   2.47
  1900.00    -6.76  0.00   0.481  0.000  -0.08417239 0.14976382     3.10   2.49
  1925.00    -6.79  0.00   0.492  0.000  -0.08365709 0.15343007     3.12   2.50
  1950.00    -6.83  0.00   0.502  0.000  -0.08340380 0.15708363     3.15   2.51
  1975.00    -6.91  0.00   0.512  0.000  -0.08340864 0.16069110     3.17   2.52
  2000.00    -7.00  0.00   0.521  0.000  -0.08366390 0.16421945     3.19   2.53
  2025.00    -7.10  0.00   0.530  0.000  -0.08415836 0.16763648     3.21   2.54
  2050.00    -7.23  0.00   0.538  0.000  -0.08487757 0.17091115     3.22   2.54
  2075.00    -7.37  0.00   0.545  0.000  -0.08580371 0.17401437     3.24   2.54
  2100.00    -7.53  0.00   0.552  0.000  -0.08691578 0.17691953     3.24   2.53
  2125.00    -7.69  0.00   0.558  0.000  -0.08819012 0.17960276     3.25   2.52
  2150.00    -7.87  0.00   0.564  0.000  -0.08960078 0.18204345     3.25   2.51
  2175.00    -8.05  0.00   0.568  0.000  -0.09112036 0.18422414     3.24   2.50
  2200.00    -8.23  0.00   0.572  0.000  -0.09271996 0.18613112     3.23   2.48
  2225.00    -8.41  0.00   0.574  0.000  -0.09436981 0.18775447     3.21   2.46
  2250.00    -8.58  0.00   0.576  0.000  -0.09604013 0.18908741     3.19   2.43
  2275.00    -8.75  0.00   0.578  0.000  -0.09770169 0.19012704     3.17   2.41
  2300.00    -8.91  0.00   0.578  0.000  -0.09932563 0.19087362     3.14   2.38
  2325.00    -9.05  0.00   0.578  0.000  -0.10088441 0.19133033     3.11   2.35
  2350.00    -9.18  0.00   0.577  0.000  -0.10235171 0.19150327     3.07   2.32
  2375.00    -9.29  0.00   0.576  0.000  -0.10370304 0.19140051     3.03   2.28
  2400.00    -9.38  0.00   0.574  0.000  -0.10491593 0.19103287     2.99   2.25
  2425.00    -9.45  0.00   0.572  0.000  -0.10596995 0.19041173     2.95   2.21
  2450.00    -9.50  0.00   0.569  0.000  -0.10684586 0.18955104     2.90   2.17
  2475.00    -9.52  0.00   0.566  0.000  -0.10752754 0.18846458     2.85   2.14
  2500.00    -9.52  0.00   0.562  0.000  -0.10800035 0.18716826     2.80   2.10