     0.00     0.00  0.00   0.000  0.000   0.00000000-0.00000000    -0.00  -0.00
    25.00     0.00  0.00  -0.000  0.000   0.00000000 0.00000000     0.00   0.00
    50.00     0.00  0.00  -0.000  0.000   0.00000000 0.00000000     0.00   0.00
    75.00     0.00  0.00  -0.000  0.000   0.00000000 0.00000000     0.00   0.00
   100.00     0.00  0.00  -0.000  0.000   0.00000000 0.00000000     0.00   0.00
   125.00     0.00  0.00  -0.000  0.000   0.00000000 0.00000000     0.00   0.00
   150.00     0.00  0.00  -0.000  0.000   0.00000000 0.00000000     0.00   0.00
   175.00     0.00  0.00  -0.000  0.000   0.00000001 0.00000000     0.00   0.00
   200.00     0.00  0.00  -0.000  0.000   0.00000004 0.00000000     0.00   0.00
   225.00     0.00  0.00  -0.000  0.000   0.00000010 0.00000000     0.00   0.00
   250.00     0.00  0.00  -0.000  0.000   0.00000022 0.00000000     0.00   0.00
   275.00     0.00  0.00  -0.000  0.000   0.00000042 0.00000000     0.00   0.00
   300.00     0.00  0.00  -0.000  0.000   0.00000069 0.00000000     0.00   0.00
   325.00     0.00  0.00  -0.000  0.000   0.00000100 0.00000001     0.00   0.00
   350.00     0.00  0.00   0.000  0.000   0.00000126 0.00000002     0.00   0.00
   375.00     0.00  0.00   0.000  0.000   0.00000133 0.00000005     0.00   0.00
   400.00     0.00  0.00   0.000  0.000   0.00000101 0.00000013     0.00   0.00
   425.00     0.00  0.00   0.000  0.000   0.00000002 0.00000027     0.00   0.00
   450.00    -0.00  0.00   0.000  0.000  -0.00000196 0.00000055     0.00   0.00
   475.00    -0.00  0.00   0.000  0.000  -0.00000527 0.00000103     0.00   0.00
   500.00    -0.00  0.00   0.000  0.000  -0.00001029 0.00000184     0.00   0.00
   525.00    -0.00  0.00   0.000  0.000  -0.00001738 0.00000313     0.00   0.00
   550.00    -0.00  0.00   0.000  0.000  -0.00002688 0.00000511     0.00   0.00
   575.00    -0.00  0.00   0.000  0.000  -0.00003912 0.00000807     0.00   0.00
   600.00    -0.00  0.00   0.000  0.000  -0.00005433 0.00001231     0.00   0.00
   625.00    -0.00  0.00   0.000  0.000  -0.00007272 0.00001822     0.00   0.00
   650.00    -0.01  0.00   0.000  0.000  -0.00009441 0.00002623     0.01   0.01
   675.00    -0.01  0.00   0.000  0.000  -0.00011945 0.00003680     0.01   0.01
   700.00    -0.01  0.00   0.000  0.000  -0.00014778 0.00005040     0.01   0.01
   725.00    -0.01  0.00   0.000  0.000  -0.00017931 0.00006751     0.01   0.01
   750.00    -0.01  0.00   0.000  0.000  -0.00021384 0.00008861     0.01   0.01
   775.00    -0.01  0.00   0.000  0.000  -0.00025109 0.00011413     0.02   0.02
   800.00    -0.02  0.00   0.001  0.000  -0.00029071 0.00014445     0.02   0.02
   825.00    -0.02  0.00   0.001  0.000  -0.00033233 0.00017991     0.03   0.03
   850.00    -0.02  0.00   0.001  0.000  -0.00037547 0.00022078     0.03   0.03
   875.00    -0.02  0.00   0.001  0.000  -0.00041967 0.00026724     0.03   0.03
   900.00    -0.03  0.00   0.001  0.000  -0.00046442 0.00031941     0.04   0.04
   925.00    -0.03  0.00   0.002  0.000  -0.00050920 0.00037733     0.05   0.05
   950.00    -0.03  0.00   0.002  0.000  -0.00055351 0.00044095     0.05   0.05
   975.00    -0.03  0.00   0.002  0.000  -0.00059682 0.00051015     0.06   0.06
  1000.00    -0.04  0.00   0.002  0.000  -0.00063868 0.00058478     0.06   0.06
  1025.00    -0.04  0.00   0.003  0.000  -0.00067864 0.00066459     0.07   0.07
  1050.00    -0.04  0.00   0.003  0.000  -0.00071627 0.00074929     0.08   0.08
  1075.00    -0.04  0.00   0.003  0.000  -0.00075122 0.00083859     0.08   0.08
  1100.00    -0.04  0.00   0.004  0.000  -0.00078315 0.00093212     0.09   0.09
  1125.00    -0.05  0.00   0.004  0.000  -0.00081177 0.00102951     0.10   0.10
  1150.00    -0.05  0.00   0.005  0.000  -0.00083685 0.00113039     0.10   0.10
  1175.00    -0.05  0.00   0.005  0.000  -0.00085818 0.00123438     0.11   0.11
  1200.00    -0.05  0.00   0.005  0.000  -0.00087561 0.00134109     0.11   0.11
  1225.00    -0.05  0.00   0.006  0.000  -0.00088900 0.00145014     0.12   0.12
  1250.00    -0.05  0.00   0.006  0.000  -0.00089825 0.00156119     0.13   0.13
  1275.00    -0.05  0.00   0.007  0.000  -0.00090330 0.00167387     0.13   0.13
  1300.00    -0.05  0.00   0.007  0.000  -0.00090411 0.00178787     0.14   0.14
  1325.00    -0.05  0.00   0.008  0.000  -0.00090064 0.00190287     0.14   0.14
  1350.00    -0.05  0.00   0.008  0.000  -0.00089289 0.00201860     0.15   0.15
  1375.00    -0.05  0.00   0.009  0.000  -0.00088086 0.00213479     0.15   0.15
  1400.00    -0.05  0.00   0.009  0.000  -0.00086456 0.00225119     0.16   0.16
  1425.00    -0.05  0.00   0.009  0.000  -0.00084402 0.00236760     0.16   0.16
  1450.00    -0.05  0.00   0.010  0.000  -0.00081926 0.00248382     0.17   0.17
  1475.00    -0.05  0.00   0.010  0.000  -0.00079030 0.00259966     0.17   0.17
  1500.00    -0.04  0.00   0.011  0.000  -0.00075718 0.00271498     0.17   0.17
  1525.00    -0.04  0.00   0.011  0.000  -0.00071991 0.00282964     0.18   0.18
  1550.00    -0.04  0.00   0.012  0.000  -0.00067852 0.00294351     0.18   0.18
  1575.00    -0.04  0.00   0.012  0.000  -0.00063304 0.00305648     0.19   0.18
  1600.00    -0.03  0.00   0.013  0.000  -0.00058348 0.00316849     0.19   0.19
  1625.00    -0.03  0.00   0.013  0.000  -0.00052984 0.00327944     0.19   0.19
  1650.00    -0.03  0.00   0.014  0.000  -0.00047214 0.00338927     0.19   0.19
  1675.00    -0.02  0.00   0.014  0.000  -0.00041037 0.00349792     0.20   0.20
  1700.00    -0.02  0.00   0.014  0.000  -0.00034454 0.00360536     0.20   0.20
  1725.00    -0.02  0.00   0.015  0.000  -0.00027464 0.00371155     0.20   0.20
  1750.00    -0.01  0.00   0.015  0.000  -0.00020064 0.00381647     0.20   0.20
  1775.00    -0.01  0.00   0.016  0.000  -0.00012252 0.00392008     0.21   0.20
  1800.00    -0.00  0.00   0.016  0.000  -0.00004027 0.00402240     0.21   0.21
  1825.00     0.00  0.00   0.016  0.000   0.00004616 0.00412341     0.21   0.21
  1850.00     0.01  0.00   0.017  0.000   0.00013679 0.00422309     0.21   0.21
  1875.00     0.01  0.00   0.017  0.000   0.00023167 0.00432147     0.21   0.21
  1900.00     0.02  0.00   0.018  0.000   0.00033085 0.00441855     0.21   0.21
  1925.00     0.03  0.00   0.018  0.000   0.00043436 0.00451434     0.21   0.21
  1950.00     0.03  0.00   0.018  0.000   0.00054227 0.00460885     0.22   0.21
  1975.00     0.04  0.00   0.019  0.000   0.00065463 0.00470210     0.22   0.22
  2000.00     0.04  0.00   0.019  0.000   0.00077150 0.00479411     0.22   0.22
  2025.00     0.05  0.00   0.019  0.000   0.00089295 0.00488489     0.22   0.22
  2050.00     0.06  0.00   0.020  0.000   0.00101903 0.00497447     0.22   0.22
  2075.00     0.07  0.00   0.020  0.000   0.00114982 0.00506289     0.22   0.22
  2100.00     0.07  0.00   0.020  0.000   0.00128538 0.00515014     0.22   0.22
  2125.00     0.08  0.00   0.021  0.000   0.00142580 0.00523628     0.22   0.22
  2150.00     0.09  0.00   0.021  0.000   0.00157113 0.00532132     0.22   0.22
  2175.00     0.10  0.00   0.021  0.000   0.00172146 0.00540529     0.22   0.22
  2200.00     0.11  0.00   0.022  0.000   0.00187686 0.00548821     0.22   0.22
  2225.00     0.12  0.00   0.022  0.000   0.00203741 0.00557013     0.22   0.22
  2250.00     0.13  0.00   0.022  0.000   0.00220319 0.00565105     0.22   0.22
  2275.00     0.14  0.00   0.023  0.000   0.00237428 0.00573104     0.22   0.22
  2300.00     0.15  0.00   0.023  0.000   0.00255075 0.00581009     0.22   0.22
  2325.00     0.16  0.00   0.023  0.000   0.00273268 0.00588825     0.22   0.22
  2350.00     0.17  0.00   0.024  0.000   0.00292017 0.00596555     0.22   0.22
  2375.00     0.18  0.00   0.024  0.000   0.00311330 0.00604202     0.22   0.22
  2400.00     0.19  0.00   0.024  0.000   0.00331212 0.00611768     0.22   0.22
  2425.00     0.20  0.00   0.025  0.000   0.00351675 0.00619258     0.22   0.22
  2450.00     0.22  0.00   0.025  0.000   0.00372724 0.00626672     0.22   0.22
  2475.00     0.23  0.00   0.025  0.000   0.00394370 0.00634016     0.22   0.22
  2500.00     0.24  0.00   0.025  0.000   0.00416619 0.00641293     0.22   0.22