     0.00    -0.00  0.00  -0.000  0.000  -0.00000000 0.00000000     0.00   0.00
    25.00    -0.01  0.00   0.000  0.000  -0.00014915 0.00000002     0.00   0.00
    50.00    -0.06  0.00   0.000  0.000  -0.00113091 0.00000128     0.00   0.00
    75.00    -0.20  0.00  -0.000  0.000  -0.00352194 0.00001240     0.01   0.00
   100.00    -0.43  0.00  -0.000  0.000  -0.00756839 0.00005728     0.04   0.00
   125.00    -0.76  0.00  -0.000  0.000  -0.01327158 0.00017617     0.08   0.00
   150.00    -1.18  0.00  -0.000  0.000  -0.02050580 0.00042066     0.13   0.00
   175.00    -1.67  0.00   0.000  0.000  -0.02909614 0.00084730     0.20  -0.00
   200.00    -2.23  0.00   0.000  0.000  -0.03885284 0.00151183     0.29   0.00
   225.00    -2.85  0.00   0.000  0.000  -0.04958272 0.00246452     0.38  -0.00
   250.00    -3.51  0.00   0.000  0.000  -0.06109421 0.00374654     0.48  -0.00
   275.00    -4.21  0.00  -0.000  0.000  -0.07320054 0.00538734     0.59   0.00
   300.00    -4.94  0.00   0.001  0.000  -0.08569716 0.00755869     0.71   0.01
   325.00    -5.68  0.00   0.002  0.000  -0.09841283 0.01023933     0.84   0.04
   350.00    -6.44  0.00   0.004  0.000  -0.11118582 0.01343905     0.98   0.07
   375.00    -7.19  0.00   0.006  0.000  -0.12386986 0.01717731     1.12   0.10
   400.00    -7.95  0.00   0.010  0.000  -0.13633914 0.02147602     1.26   0.14
   425.00    -8.70  0.00   0.014  0.000  -0.14849788 0.02636890     1.41   0.19
   450.00    -9.45  0.00   0.021  0.000  -0.16029741 0.03190665     1.56   0.25
   475.00   -10.20  0.00   0.029  0.000  -0.17176506 0.03814338     1.72   0.32
   500.00   -10.96  0.00   0.038  0.000  -0.18301672 0.04508677     1.88   0.40
   525.00   -11.73  0.00   0.049  0.000  -0.19420911 0.05264347     2.04   0.47
   550.00   -12.53  0.00   0.059  0.000  -0.20546332 0.06062640     2.19   0.53
   575.00   -13.35  0.00   0.068  0.000  -0.21682690 0.06880981     2.33   0.58
   600.00   -14.18  0.00   0.076  0.000  -0.22828016 0.07697596     2.44   0.60
   625.00   -15.01  0.00   0.081  0.000  -0.23975877 0.08493839     2.54   0.61
   650.00   -15.83  0.00   0.084  0.000  -0.25117266 0.09254785     2.61   0.59
   675.00   -16.62  0.00   0.084  0.000  -0.26241967 0.09969094     2.67   0.56
   700.00   -17.39  0.00   0.081  0.000  -0.27339366 0.10628556     2.70   0.51
   725.00   -18.11  0.00   0.076  0.000  -0.28398868 0.11227595     2.71   0.46
   750.00   -18.78  0.00   0.069  0.000  -0.29410121 0.11762878     2.71   0.40
   775.00   -19.40  0.00   0.061  0.000  -0.30362988 0.12232971     2.69   0.33
   800.00   -19.95  0.00   0.051  0.000  -0.31247601 0.12638223     2.66   0.27
   825.00   -20.44  0.00   0.041  0.000  -0.32054240 0.12980643     2.62   0.21
   850.00   -20.87  0.00   0.031  0.000  -0.32773405 0.13263974     2.57   0.15
   875.00   -21.23  0.00   0.021  0.000  -0.33395860 0.13493782     2.51   0.10
   900.00   -21.52  0.00   0.012  0.000  -0.33912876 0.13677593     2.45   0.05
   925.00   -21.74  0.00   0.005  0.000  -0.34316543 0.13825014     2.38   0.02
   950.00   -21.91  0.00   0.001  0.000  -0.34600142 0.13947718     2.32   0.01
   975.00   -22.02  0.00   0.000  0.000  -0.34758744 0.14059453     2.26   0.00
  1000.00   -22.08  0.00   0.003  0.000  -0.34789807 0.14175743     2.20   0.01
  1025.00   -22.10  0.00   0.009  0.000  -0.34693682 0.14313394     2.15   0.03
  1050.00   -22.08  0.00   0.020  0.000  -0.34474167 0.14489871     2.11   0.07
  1075.00   -22.03  0.00   0.036  0.000  -0.34138775 0.14722364     2.08   0.13
  1100.00   -21.97  0.00   0.057  0.000  -0.33698770 0.15026827     2.06   0.19
  1125.00   -21.90  0.00   0.082  0.000  -0.33168828 0.15416862     2.05   0.27
  1150.00   -21.84  0.00   0.111  0.000  -0.32566443 0.15902899     2.05   0.36
  1175.00   -21.80  0.00   0.144  0.000  -0.31910938 0.16491403     2.07   0.45
  1200.00   -21.79  0.00   0.179  0.000  -0.31222406 0.17184566     2.10   0.55
  1225.00   -21.81  0.00   0.217  0.000  -0.30520493 0.17980301     2.14   0.65
  1250.00   -21.89  0.00   0.257  0.000  -0.29823333 0.18872632     2.19   0.74
  1275.00   -22.02  0.00   0.297  0.000  -0.29146689 0.19852327     2.24   0.84
  1300.00   -22.21  0.00   0.336  0.000  -0.28503400 0.20907842     2.31   0.93
  1325.00   -22.46  0.00   0.376  0.000  -0.27903089 0.22026154     2.37   1.01
  1350.00   -22.79  0.00   0.413  0.000  -0.27352178 0.23193671     2.44   1.09
  1375.00   -23.18  0.00   0.449  0.000  -0.26854122 0.24397011     2.51   1.15
  1400.00   -23.65  0.00   0.483  0.000  -0.26409873 0.25623572     2.57   1.21
  1425.00   -24.18  0.00   0.515  0.000  -0.26018220 0.26861858     2.64   1.26
  1450.00   -24.77  0.00   0.544  0.000  -0.25676471 0.28101909     2.70   1.31
  1475.00   -25.42  0.00   0.572  0.000  -0.25380754 0.29335174     2.76   1.34
  1500.00   -26.13  0.00   0.596  0.000  -0.25126460 0.30554667     2.81   1.37
  1525.00   -26.89  0.00   0.619  0.000  -0.24908639 0.31754732     2.86   1.39
  1550.00   -27.69  0.00   0.639  0.000  -0.24722239 0.32931039     2.91   1.41
  1575.00   -28.53  0.00   0.657  0.000  -0.24562269 0.34080383     2.95   1.42
  1600.00   -29.39  0.00   0.674  0.000  -0.24423882 0.35200399     2.99   1.43
  1625.00   -30.29  0.00   0.689  0.000  -0.24302714 0.36289632     3.02   1.43
  1650.00   -31.20  0.00   0.702  0.000  -0.24194649 0.37347195     3.06   1.44
  1675.00   -32.12  0.00   0.714  0.000  -0.24095941 0.38372707     3.08   1.43
  1700.00   -33.05  0.00   0.724  0.000  -0.24003237 0.39366257     3.10   1.43
  1725.00   -33.99  0.00   0.734  0.000  -0.23913620 0.40328166     3.12   1.42
  1750.00   -34.93  0.00   0.742  0.000  -0.23824415 0.41259041     3.14   1.41
  1775.00   -35.86  0.00   0.750  0.000  -0.23733371 0.42159632     3.15   1.40
  1800.00   -36.79  0.00   0.757  0.000  -0.23638473 0.43030876     3.16   1.39
  1825.00   -37.71  0.00   0.763  0.000  -0.23537953 0.43873686     3.17   1.38
  1850.00   -38.61  0.00   0.769  0.000  -0.23430271 0.44689122     3.18   1.37
  1875.00   -39.51  0.00   0.774  0.000  -0.23314193 0.45478231     3.18   1.36
  1900.00   -40.40  0.00   0.779  0.000  -0.23188518 0.46242160     3.19   1.34
  1925.00   -41.27  0.00   0.784  0.000  -0.23052306 0.46981934     3.19   1.33
  1950.00   -42.13  0.00   0.788  0.000  -0.22904707 0.47698709     3.18   1.32
  1975.00   -42.98  0.00   0.792  0.000  -0.22744982 0.48393518     3.18   1.30
  2000.00   -43.82  0.00   0.796  0.000  -0.22572547 0.49067545     3.18   1.29
  2025.00   -44.64  0.00   0.800  0.000  -0.22386798 0.49721780     3.17   1.28
  2050.00   -45.46  0.00   0.803  0.000  -0.22187293 0.50357300     3.17   1.26
  2075.00   -46.27  0.00   0.806  0.000  -0.21973599 0.50975215     3.16   1.25
  2100.00   -47.07  0.00   0.810  0.000  -0.21745409 0.51576573     3.15   1.24
  2125.00   -47.87  0.00   0.813  0.000  -0.21502359 0.52162451     3.14   1.23
  2150.00   -48.67  0.00   0.816  0.000  -0.21244226 0.52733886     3.13   1.21
  2175.00   -49.46  0.00   0.820  0.000  -0.20970784 0.53292006     3.12   1.20
  2200.00   -50.26  0.00   0.823  0.000  -0.20681876 0.53837860     3.11   1.19
  2225.00   -51.06  0.00   0.826  0.000  -0.20377271 0.54372627     3.10   1.18
  2250.00   -51.86  0.00   0.829  0.000  -0.20056929 0.54897362     3.09   1.17
  2275.00   -52.67  0.00   0.833  0.000  -0.19720694 0.55413330     3.08   1.16
  2300.00   -53.50  0.00   0.836  0.000  -0.19368590 0.55921596     3.07   1.15
  2325.00   -54.34  0.00   0.839  0.000  -0.19000617 0.56423473     3.06   1.14
  2350.00   -55.20  0.00   0.842  0.000  -0.18616831 0.56920147     3.05   1.13
  2375.00   -56.07  0.00   0.845  0.000  -0.18217231 0.57413000     3.03   1.12
  2400.00   -56.97  0.00   0.848  0.000  -0.17802192 0.57903272     3.02   1.11
  2425.00   -57.89  0.00   0.851  0.000  -0.17371784 0.58392394     3.01   1.10
  2450.00   -58.84  0.00   0.854  0.000  -0.16926344 0.58881706     3.00   1.09
  2475.00   -59.82  0.00   0.856  0.000  -0.16466291 0.59372663     2.99   1.08
  2500.00   -60.84  0.00   0.859  0.000  -0.15992142 0.59866810     2.98   1.07