     0.00     0.00  0.00  -0.000  0.000   0.00000000 0.00000000     0.00   0.00
    25.00     0.00  0.00  -0.000  0.000   0.00000022 0.00000000     0.00   0.00
    50.00     0.00  0.00  -0.000  0.000   0.00000708 0.00000000     0.00   0.00
    75.00     0.00  0.00  -0.000  0.000   0.00005443 0.00000000     0.00   0.00
   100.00     0.01  0.00   0.000  0.000   0.00022447 0.00000005     0.00  -0.00
   125.00     0.04  0.00   0.000  0.000   0.00064439 0.00000042     0.00  -0.00
   150.00     0.08  0.00  -0.000  0.000   0.00145862 0.00000213     0.00   0.00
   175.00     0.16  0.00  -0.000  0.000   0.00280732 0.00000788     0.00   0.00
   200.00     0.28  0.00   0.000  0.000   0.00483347 0.00002336     0.01   0.00
   225.00     0.44  0.00  -0.000  0.000   0.00770725 0.00005941     0.02   0.00
   250.00     0.67  0.00  -0.000  0.000   0.01162658 0.00013520     0.03   0.00
   275.00     0.96  0.00   0.000  0.000   0.01677039 0.00028133     0.06   0.00
   300.00     1.33  0.00   0.001  0.000   0.02324880 0.00088175     0.17   0.06
   325.00     1.79  0.00   0.004  0.000   0.03114616 0.00186682     0.31   0.15
   350.00     2.33  0.00   0.007  0.000   0.04054895 0.00330022     0.48   0.24
   375.00     2.98  0.00   0.011  0.000   0.05157460 0.00535368     0.70   0.35
   400.00     3.73  0.00   0.016  0.000   0.06438871 0.00827305     0.97   0.48
   425.00     4.61  0.00   0.024  0.000   0.07921002 0.01240632     1.33   0.64
   450.00     5.65  0.00   0.035  0.000   0.09629748 0.01824616     1.79   0.85
   475.00     6.88  0.00   0.049  0.000   0.11591829 0.02647601     2.39   1.11
   500.00     8.33  0.00   0.070  0.000   0.13832323 0.03801695     3.17   1.45
   525.00    10.08  0.00   0.098  0.000   0.16373739 0.05414086     4.19   1.89
   550.00    12.21  0.00   0.135  0.000   0.19226731 0.07671870     5.54   2.44
   575.00    14.87  0.00   0.187  0.000   0.22357908 0.10857783     7.34   3.16
   600.00    18.25  0.00   0.258  0.000   0.25614703 0.15391345     9.77   4.10
   625.00    22.71  0.00   0.357  0.000   0.28562057 0.21852030    13.07   5.33
   650.00    28.81  0.00   0.490  0.000   0.30162907 0.30869341    17.44   6.92
   675.00    37.63  0.00   0.656  0.000   0.28353223 0.42542064    22.76   8.78
   700.00    51.83  0.00   0.826  0.000   0.20278239 0.54926860    27.90  10.49
   725.00    79.13  0.00   0.924  0.000   0.05091389 0.62764865    30.33  11.17
   750.00   113.75  0.00   0.890  0.000  -0.12235551 0.61210001    28.20  10.25
   775.00   132.65  0.00   0.754  0.000  -0.24707738 0.52028120    22.89   8.30
   800.00   143.41  0.00   0.598  0.000  -0.30346069 0.40826893    17.19   6.29
   825.00   150.59  0.00   0.468  0.000  -0.31189129 0.31126446    12.56   4.72
   850.00   155.78  0.00   0.375  0.000  -0.29583246 0.23767453     9.20   3.63
   875.00   159.73  0.00   0.311  0.000  -0.26969633 0.18458873     6.87   2.89
   900.00   162.86  0.00   0.270  0.000  -0.24063180 0.14697494     5.26   2.42
   925.00   165.41  0.00   0.245  0.000  -0.21183857 0.12054355     4.16   2.11
   950.00   167.55  0.00   0.231  0.000  -0.18462479 0.10215968     3.40   1.92
   975.00   169.38  0.00   0.225  0.000  -0.15944199 0.08963496     2.88   1.81
  1000.00   170.98  0.00   0.225  0.000  -0.13636599 0.08145065     2.53   1.75
  1025.00   172.38  0.00   0.230  0.000  -0.11531850 0.07654388     2.30   1.72
  1050.00   173.64  0.00   0.238  0.000  -0.09616833 0.07415955     2.16   1.73
  1075.00   174.76  0.00   0.248  0.000  -0.07877702 0.07375123     2.08   1.75
  1100.00   175.78  0.00   0.261  0.000  -0.06301701 0.07491353     2.05   1.79
  1125.00   176.71  0.00   0.276  0.000  -0.04877852 0.07733691     2.06   1.83
  1150.00   177.55  0.00   0.292  0.000  -0.03596864 0.08077617     2.09   1.88
  1175.00   178.31  0.00   0.309  0.000  -0.02450785 0.08503012     2.14   1.94
  1200.00   179.00  0.00   0.327  0.000  -0.01432394 0.08992828     2.20   2.00
  1225.00   179.62  0.00   0.345  0.000  -0.00534860 0.09532356     2.27   2.05
  1250.00   180.18  0.00   0.363  0.000   0.00248577 0.10108787     2.34   2.11
  1275.00     0.67  0.00   0.382  0.000   0.00924726 0.10711033     2.42   2.16
  1300.00     1.11  0.00   0.401  0.000   0.01500592 0.11329575     2.50   2.21
  1325.00     1.49  0.00   0.419  0.000   0.01983229 0.11956347     2.57   2.26
  1350.00     1.82  0.00   0.438  0.000   0.02379721 0.12584612     2.65   2.30
  1375.00     2.10  0.00   0.456  0.000   0.02697180 0.13208964     2.71   2.34
  1400.00     2.33  0.00   0.473  0.000   0.02942389 0.13825051     2.78   2.37
  1425.00     2.51  0.00   0.490  0.000   0.03122032 0.14429539     2.83   2.41
  1450.00     2.65  0.00   0.506  0.000   0.03242436 0.15019988     2.89   2.43
  1475.00     2.75  0.00   0.522  0.000   0.03309584 0.15594639     2.93   2.45
  1500.00     2.81  0.00   0.537  0.000   0.03329195 0.16152465     2.97   2.47
  1525.00     2.83  0.00   0.552  0.000   0.03306390 0.16692823     3.01   2.49
  1550.00     2.83  0.00   0.566  0.000   0.03246021 0.17215548     3.04   2.50
  1575.00     2.79  0.00   0.579  0.000   0.03152592 0.17720783     3.07   2.51
  1600.00     2.72  0.00   0.592  0.000   0.03030270 0.18209085     3.09   2.52
  1625.00     2.63  0.00   0.604  0.000   0.02882677 0.18680924     3.11   2.52
  1650.00     2.51  0.00   0.616  0.000   0.02713406 0.19137137     3.13   2.52
  1675.00     2.37  0.00   0.627  0.000   0.02525496 0.19578587     3.14   2.52
  1700.00     2.21  0.00   0.638  0.000   0.02321807 0.20006128     3.16   2.52
  1725.00     2.04  0.00   0.648  0.000   0.02105069 0.20420876     3.16   2.51
  1750.00     1.84  0.00   0.658  0.000   0.01877545 0.20823693     3.17   2.50
  1775.00     1.63  0.00   0.668  0.000   0.01641407 0.21215536     3.17   2.50
  1800.00     1.41  0.00   0.677  0.000   0.01398672 0.21597435     3.18   2.49
  1825.00     1.18  0.00   0.685  0.000   0.01151194 0.21970272     3.18   2.48
  1850.00     0.93  0.00   0.694  0.000   0.00900415 0.22334865     3.18   2.47
  1875.00     0.68  0.00   0.702  0.000   0.00648109 0.22692235     3.18   2.46
  1900.00     0.42  0.00   0.709  0.000   0.00395595 0.23043044     3.18   2.44
  1925.00     0.15  0.00   0.717  0.000   0.00143922 0.23388027     3.17   2.43
  1950.00    -0.12  0.00   0.724  0.000  -0.00105527 0.23728004     3.17   2.42
  1975.00    -0.39  0.00   0.731  0.000  -0.00351778 0.24063528     3.16   2.40
  2000.00    -0.66  0.00   0.738  0.000  -0.00593858 0.24395297     3.16   2.39
  2025.00    -0.94  0.00   0.744  0.000  -0.00830738 0.24723864     3.16   2.37
  2050.00    -1.22  0.00   0.751  0.000  -0.01061838 0.25049672     3.15   2.36
  2075.00    -1.49  0.00   0.757  0.000  -0.01286206 0.25373349     3.15   2.35
  2100.00    -1.77  0.00   0.763  0.000  -0.01503154 0.25695232     3.14   2.33
  2125.00    -2.04  0.00   0.769  0.000  -0.01712103 0.26015866     3.14   2.32
  2150.00    -2.31  0.00   0.775  0.000  -0.01912488 0.26335466     3.13   2.30
  2175.00    -2.57  0.00   0.780  0.000  -0.02103649 0.26654607     3.13   2.29
  2200.00    -2.83  0.00   0.786  0.000  -0.02285085 0.26973516     3.12   2.27
  2225.00    -3.09  0.00   0.791  0.000  -0.02456505 0.27292442     3.12   2.26
  2250.00    -3.33  0.00   0.797  0.000  -0.02617269 0.27611831     3.11   2.24
  2275.00    -3.57  0.00   0.802  0.000  -0.02767134 0.27931845     3.11   2.23
  2300.00    -3.81  0.00   0.807  0.000  -0.02905634 0.28252879     3.10   2.22
  2325.00    -4.03  0.00   0.813  0.000  -0.03032543 0.28574958     3.10   2.20
  2350.00    -4.24  0.00   0.818  0.000  -0.03147333 0.28898683     3.09   2.19
  2375.00    -4.45  0.00   0.823  0.000  -0.03250092 0.29224008     3.09   2.18
  2400.00    -4.64  0.00   0.828  0.000  -0.03340257 0.29551199     3.09   2.16
  2425.00    -4.82  0.00   0.833  0.000  -0.03417736 0.29880643     3.08   2.15
  2450.00    -4.99  0.00   0.839  0.000  -0.03482439 0.30212373     3.08   2.14
  2475.00    -5.15  0.00   0.844  0.000  -0.03533843 0.30546886     3.08   2.12
  2500.00    -5.29  0.00   0.849  0.000  -0.03572179 0.30884159     3.08   2.11