     0.00     0.00  0.00   0.000  0.000   0.00000000-0.00000000    -0.00  -0.00
    25.00     0.00  0.00  -0.000  0.000   0.00000000 0.00000000     0.00   0.00
    50.00     0.00  0.00  -0.000  0.000   0.00000000 0.00000000     0.00   0.00
    75.00     0.00  0.00  -0.000  0.000   0.00000000 0.00000000     0.00   0.00
   100.00     0.00  0.00  -0.000  0.000   0.00000000 0.00000000     0.00   0.00
   125.00     0.00  0.00  -0.000  0.000   0.00000000 0.00000000     0.00   0.00
   150.00     0.00  0.00  -0.000  0.000   0.00000000 0.00000000     0.00   0.00
   175.00     0.00  0.00  -0.000  0.000   0.00000002 0.00000000     0.00   0.00
   200.00     0.00  0.00  -0.000  0.000   0.00000007 0.00000000     0.00   0.00
   225.00     0.00  0.00  -0.000  0.000   0.00000023 0.00000000     0.00   0.00
   250.00     0.00  0.00  -0.000  0.000   0.00000059 0.00000000     0.00   0.00
   275.00     0.00  0.00  -0.000  0.000   0.00000135 0.00000000     0.00   0.00
   300.00     0.00  0.00  -0.000  0.000   0.00000275 0.00000000     0.00   0.00
   325.00     0.00  0.00  -0.000  0.000   0.00000512 0.00000000     0.00   0.00
   350.00     0.00  0.00  -0.000  0.000   0.00000884 0.00000000     0.00   0.00
   375.00     0.00  0.00  -0.000  0.000   0.00001437 0.00000000     0.00   0.00
   400.00     0.00  0.00  -0.000  0.000   0.00002216 0.00000000     0.00   0.00
   425.00     0.00  0.00  -0.000  0.000   0.00003272 0.00000000     0.00   0.00
   450.00     0.00  0.00  -0.000  0.000   0.00004651 0.00000001     0.00   0.00
   475.00     0.00  0.00  -0.000  0.000   0.00006396 0.00000001     0.00   0.00
   500.00     0.00  0.00   0.000  0.000   0.00008549 0.00000002     0.00   0.00
   525.00     0.01  0.00   0.000  0.000   0.00011141 0.00000004     0.00   0.00
   550.00     0.01  0.00   0.000  0.000   0.00014197 0.00000007     0.00   0.00
   575.00     0.01  0.00   0.000  0.000   0.00017736 0.00000012     0.00   0.00
   600.00     0.01  0.00   0.000  0.000   0.00021765 0.00000020     0.00   0.00
   625.00     0.02  0.00   0.000  0.000   0.00026284 0.00000032     0.00   0.00
   650.00     0.02  0.00   0.000  0.000   0.00031282 0.00000049     0.00   0.00
   675.00     0.02  0.00   0.000  0.000   0.00036741 0.00000074     0.00   0.00
   700.00     0.02  0.00   0.000  0.000   0.00042632 0.00000109     0.00   0.00
   725.00     0.03  0.00   0.000  0.000   0.00048920 0.00000157     0.00   0.00
   750.00     0.03  0.00   0.000  0.000   0.00055562 0.00000223     0.00   0.00
   775.00     0.04  0.00   0.000  0.000   0.00062506 0.00000312     0.00   0.00
   800.00     0.04  0.00   0.000  0.000   0.00069695 0.00000428     0.00   0.00
   825.00     0.04  0.00   0.000  0.000   0.00077067 0.00000580     0.00   0.00
   850.00     0.05  0.00   0.000  0.000   0.00084553 0.00000776     0.00   0.00
   875.00     0.05  0.00   0.000  0.000   0.00092080 0.00001024     0.00   0.00
   900.00     0.06  0.00   0.000  0.000   0.00099573 0.00001336     0.00   0.00
   925.00     0.06  0.00   0.000  0.000   0.00106952 0.00001724     0.00   0.00
   950.00     0.07  0.00   0.000  0.000   0.00114135 0.00002201     0.00   0.00
   975.00     0.07  0.00   0.000  0.000   0.00121037 0.00002783     0.00   0.00
  1000.00     0.07  0.00   0.000  0.000   0.00127573 0.00003488     0.00   0.00
  1025.00     0.08  0.00   0.000  0.000   0.00133657 0.00004333     0.01   0.00
  1050.00     0.08  0.00   0.000  0.000   0.00139202 0.00005340     0.01   0.01
  1075.00     0.08  0.00   0.000  0.000   0.00144119 0.00006531     0.01   0.01
  1100.00     0.08  0.00   0.000  0.000   0.00148324 0.00007930     0.01   0.01
  1125.00     0.09  0.00   0.000  0.000   0.00151728 0.00009565     0.01   0.01
  1150.00     0.09  0.00   0.000  0.000   0.00154247 0.00011462     0.01   0.01
  1175.00     0.09  0.00   0.001  0.000   0.00155796 0.00013652     0.01   0.01
  1200.00     0.09  0.00   0.001  0.000   0.00156293 0.00016168     0.02   0.02
  1225.00     0.09  0.00   0.001  0.000   0.00155656 0.00019044     0.02   0.02
  1250.00     0.09  0.00   0.001  0.000   0.00153807 0.00022315     0.02   0.02
  1275.00     0.09  0.00   0.001  0.000   0.00150668 0.00026020     0.02   0.02
  1300.00     0.08  0.00   0.001  0.000   0.00146164 0.00030199     0.03   0.03
  1325.00     0.08  0.00   0.001  0.000   0.00140222 0.00034894     0.03   0.03
  1350.00     0.08  0.00   0.002  0.000   0.00132771 0.00040148     0.03   0.03
  1375.00     0.07  0.00   0.002  0.000   0.00123744 0.00046006     0.04   0.04
  1400.00     0.06  0.00   0.002  0.000   0.00113076 0.00052518     0.04   0.04
  1425.00     0.06  0.00   0.002  0.000   0.00100702 0.00059730     0.05   0.05
  1450.00     0.05  0.00   0.003  0.000   0.00086562 0.00067695     0.05   0.05
  1475.00     0.04  0.00   0.003  0.000   0.00070600 0.00076463     0.06   0.06
  1500.00     0.03  0.00   0.003  0.000   0.00052758 0.00086089     0.06   0.06
  1525.00     0.02  0.00   0.004  0.000   0.00032986 0.00096628     0.07   0.07
  1550.00     0.01  0.00   0.004  0.000   0.00011233 0.00108136     0.08   0.08
  1575.00    -0.01  0.00   0.005  0.000  -0.00012550 0.00120671     0.08   0.08
  1600.00    -0.02  0.00   0.005  0.000  -0.00038406 0.00134293     0.09   0.09
  1625.00    -0.04  0.00   0.006  0.000  -0.00066377 0.00149060     0.10   0.10
  1650.00    -0.06  0.00   0.007  0.000  -0.00096505 0.00165034     0.11   0.11
  1675.00    -0.07  0.00   0.007  0.000  -0.00128826 0.00182276     0.12   0.12
  1700.00    -0.09  0.00   0.008  0.000  -0.00163376 0.00200850     0.13   0.13
  1725.00    -0.12  0.00   0.009  0.000  -0.00200188 0.00220817     0.14   0.14
  1750.00    -0.14  0.00   0.010  0.000  -0.00239292 0.00242244     0.15   0.15
  1775.00    -0.16  0.00   0.011  0.000  -0.00280714 0.00265192     0.16   0.16
  1800.00    -0.19  0.00   0.012  0.000  -0.00324485 0.00289728     0.17   0.17
  1825.00    -0.21  0.00   0.013  0.000  -0.00370627 0.00315917     0.18   0.18
  1850.00    -0.24  0.00   0.014  0.000  -0.00419160 0.00343821     0.20   0.19
  1875.00    -0.27  0.00   0.015  0.000  -0.00470107 0.00373509     0.21   0.21
  1900.00    -0.30  0.00   0.016  0.000  -0.00523484 0.00405044     0.22   0.22
  1925.00    -0.33  0.00   0.017  0.000  -0.00579309 0.00438491     0.24   0.24
  1950.00    -0.37  0.00   0.019  0.000  -0.00637598 0.00473915     0.25   0.25
  1975.00    -0.40  0.00   0.020  0.000  -0.00698361 0.00511380     0.27   0.27
  2000.00    -0.44  0.00   0.022  0.000  -0.00761612 0.00550950     0.29   0.28
  2025.00    -0.48  0.00   0.023  0.000  -0.00827359 0.00592689     0.30   0.30
  2050.00    -0.52  0.00   0.025  0.000  -0.00895609 0.00636656     0.32   0.31
  2075.00    -0.56  0.00   0.027  0.000  -0.00966374 0.00682917     0.34   0.33
  2100.00    -0.60  0.00   0.029  0.000  -0.01039653 0.00731528     0.36   0.35
  2125.00    -0.65  0.00   0.031  0.000  -0.01115455 0.00782553     0.38   0.37
  2150.00    -0.70  0.00   0.033  0.000  -0.01193784 0.00836049     0.40   0.39
  2175.00    -0.74  0.00   0.035  0.000  -0.01274637 0.00892072     0.42   0.41
  2200.00    -0.79  0.00   0.037  0.000  -0.01358015 0.00950678     0.44   0.43
  2225.00    -0.84  0.00   0.039  0.000  -0.01443924 0.01011924     0.46   0.45
  2250.00    -0.90  0.00   0.042  0.000  -0.01532356 0.01075861     0.48   0.47
  2275.00    -0.95  0.00   0.044  0.000  -0.01623314 0.01142543     0.51   0.49
  2300.00    -1.01  0.00   0.047  0.000  -0.01716790 0.01212015     0.53   0.51
  2325.00    -1.07  0.00   0.049  0.000  -0.01812780 0.01284330     0.56   0.54
  2350.00    -1.13  0.00   0.052  0.000  -0.01911284 0.01359533     0.58   0.56
  2375.00    -1.19  0.00   0.055  0.000  -0.02012296 0.01437670     0.61   0.58
  2400.00    -1.25  0.00   0.058  0.000  -0.02115800 0.01518777     0.63   0.61
  2425.00    -1.31  0.00   0.061  0.000  -0.02221803 0.01602904     0.66   0.63
  2450.00    -1.38  0.00   0.064  0.000  -0.02330285 0.01690079     0.69   0.66
  2475.00    -1.45  0.00   0.068  0.000  -0.02441243 0.01780345     0.72   0.68
  2500.00    -1.52  0.00   0.071  0.000  -0.02554674 0.01873738     0.75   0.71