     0.00     0.00  0.00   0.000  0.000   0.00000000 0.00000000     0.00   0.00
    25.00     0.00  0.00  -0.000  0.000   0.00000000 0.00000000     0.00   0.00
    50.00     0.00  0.00  -0.000  0.000   0.00000001 0.00000000     0.00   0.00
    75.00     0.00  0.00  -0.000  0.000   0.00000012 0.00000000     0.00   0.00
   100.00     0.00  0.00  -0.000  0.000   0.00000056 0.00000000     0.00   0.00
   125.00     0.00  0.00  -0.000  0.000   0.00000143 0.00000000     0.00   0.00
   150.00     0.00  0.00  -0.000  0.000   0.00000199 0.00000000     0.00   0.00
   175.00     0.00  0.00  -0.000  0.000   0.00000008 0.00000000     0.00   0.00
   200.00    -0.00  0.00  -0.000  0.000  -0.00000811 0.00000000     0.00   0.00
   225.00    -0.00  0.00  -0.000  0.000  -0.00002777 0.00000000     0.00   0.00
   250.00    -0.00  0.00  -0.000  0.000  -0.00006489 0.00000000     0.00   0.00
   275.00    -0.01  0.00   0.000  0.000  -0.00012553 0.00000002     0.00   0.00
   300.00    -0.01  0.00   0.000  0.000  -0.00021515 0.00000105     0.00   0.00
   325.00    -0.02  0.00   0.000  0.000  -0.00033803 0.00000386     0.00   0.00
   350.00    -0.03  0.00   0.000  0.000  -0.00049687 0.00000958     0.00   0.00
   375.00    -0.04  0.00   0.000  0.000  -0.00069247 0.00001991     0.00   0.00
   400.00    -0.05  0.00   0.000  0.000  -0.00092361 0.00003721     0.01   0.01
   425.00    -0.07  0.00   0.000  0.000  -0.00118707 0.00006467     0.01   0.01
   450.00    -0.08  0.00   0.000  0.000  -0.00147787 0.00010661     0.02   0.02
   475.00    -0.10  0.00   0.001  0.000  -0.00178986 0.00016856     0.02   0.02
   500.00    -0.12  0.00   0.001  0.000  -0.00211645 0.00025689     0.03   0.03
   525.00    -0.14  0.00   0.001  0.000  -0.00245059 0.00037803     0.04   0.04
   550.00    -0.16  0.00   0.002  0.000  -0.00278426 0.00053816     0.06   0.06
   575.00    -0.18  0.00   0.003  0.000  -0.00310801 0.00074368     0.08   0.07
   600.00    -0.20  0.00   0.004  0.000  -0.00341101 0.00100168     0.10   0.09
   625.00    -0.21  0.00   0.005  0.000  -0.00368123 0.00132030     0.12   0.12
   650.00    -0.22  0.00   0.007  0.000  -0.00390558 0.00170904     0.14   0.14
   675.00    -0.23  0.00   0.009  0.000  -0.00407002 0.00217906     0.17   0.17
   700.00    -0.24  0.00   0.011  0.000  -0.00415977 0.00274357     0.21   0.21
   725.00    -0.24  0.00   0.014  0.000  -0.00415934 0.00341827     0.25   0.25
   750.00    -0.23  0.00   0.017  0.000  -0.00405280 0.00422190     0.29   0.29
   775.00    -0.22  0.00   0.021  0.000  -0.00382403 0.00517691     0.34   0.34
   800.00    -0.20  0.00   0.025  0.000  -0.00345713 0.00631031     0.40   0.40
   825.00    -0.17  0.00   0.030  0.000  -0.00293711 0.00765460     0.46   0.46
   850.00    -0.13  0.00   0.037  0.000  -0.00225078 0.00924891     0.54   0.53
   875.00    -0.08  0.00   0.044  0.000  -0.00138820 0.01114028     0.62   0.61
   900.00    -0.02  0.00   0.053  0.000  -0.00034467 0.01338507     0.72   0.71
   925.00     0.05  0.00   0.063  0.000   0.00087632 0.01605018     0.83   0.82
   950.00     0.13  0.00   0.075  0.000   0.00225911 0.01921435     0.96   0.94
   975.00     0.23  0.00   0.090  0.000   0.00377021 0.02296823     1.11   1.08
  1000.00     0.32  0.00   0.107  0.000   0.00535100 0.02741343     1.28   1.24
  1025.00     0.42  0.00   0.126  0.000   0.00690853 0.03265881     1.47   1.42
  1050.00     0.52  0.00   0.149  0.000   0.00830469 0.03881217     1.69   1.63
  1075.00     0.59  0.00   0.175  0.000   0.00934559 0.04596565     1.95   1.85
  1100.00     0.63  0.00   0.205  0.000   0.00977378 0.05417262     2.22   2.10
  1125.00     0.61  0.00   0.237  0.000   0.00926965 0.06341411     2.53   2.37
  1150.00     0.50  0.00   0.272  0.000   0.00746931 0.07355962     2.85   2.64
  1175.00     0.28  0.00   0.309  0.000   0.00400803 0.08432822     3.18   2.91
  1200.00    -0.10  0.00   0.345  0.000  -0.00140825 0.09526951     3.49   3.16
  1225.00    -0.65  0.00   0.378  0.000  -0.00891329 0.10578587     3.78   3.37
  1250.00    -1.37  0.00   0.406  0.000  -0.01840085 0.11520883     4.01   3.53
  1275.00    -2.24  0.00   0.428  0.000  -0.02949346 0.12292296     4.17   3.63
  1300.00    -3.19  0.00   0.441  0.000  -0.04158908 0.12849717     4.25   3.65
  1325.00    -4.17  0.00   0.446  0.000  -0.05397560 0.13177076     4.25   3.60
  1350.00    -5.09  0.00   0.443  0.000  -0.06597039 0.13286118     4.19   3.50
  1375.00    -5.91  0.00   0.435  0.000  -0.07703327 0.13209799     4.07   3.35
  1400.00    -6.60  0.00   0.422  0.000  -0.08681744 0.12992302     3.91   3.18
  1425.00    -7.15  0.00   0.407  0.000  -0.09516508 0.12679443     3.73   2.99
  1450.00    -7.58  0.00   0.390  0.000  -0.10206664 0.12312271     3.55   2.81
  1475.00    -7.89  0.00   0.374  0.000  -0.10760908 0.11923829     3.36   2.64
  1500.00    -8.11  0.00   0.358  0.000  -0.11193088 0.11538766     3.19   2.47
  1525.00    -8.26  0.00   0.344  0.000  -0.11518855 0.11174142     3.02   2.33
  1550.00    -8.35  0.00   0.331  0.000  -0.11753590 0.10841013     2.87   2.20
  1575.00    -8.40  0.00   0.321  0.000  -0.11911324 0.10545992     2.74   2.08
  1600.00    -8.41  0.00   0.312  0.000  -0.12004267 0.10292529     2.62   1.99
  1625.00    -8.39  0.00   0.305  0.000  -0.12042751 0.10082002     2.52   1.90
  1650.00    -8.36  0.00   0.299  0.000  -0.12035387 0.09914462     2.43   1.84
  1675.00    -8.30  0.00   0.296  0.000  -0.11989243 0.09789140     2.36   1.78
  1700.00    -8.23  0.00   0.294  0.000  -0.11910160 0.09704878     2.30   1.74
  1725.00    -8.15  0.00   0.293  0.000  -0.11802918 0.09660285     2.24   1.70
  1750.00    -8.07  0.00   0.294  0.000  -0.11671493 0.09653962     2.20   1.68
  1775.00    -7.97  0.00   0.297  0.000  -0.11519187 0.09684505     2.17   1.67
  1800.00    -7.87  0.00   0.300  0.000  -0.11348809 0.09750631     2.15   1.66
  1825.00    -7.77  0.00   0.305  0.000  -0.11162768 0.09851153     2.14   1.66
  1850.00    -7.66  0.00   0.311  0.000  -0.10963161 0.09984986     2.13   1.66
  1875.00    -7.55  0.00   0.319  0.000  -0.10751867 0.10151161     2.13   1.67
  1900.00    -7.44  0.00   0.327  0.000  -0.10530608 0.10348815     2.14   1.69
  1925.00    -7.32  0.00   0.336  0.000  -0.10300948 0.10577161     2.15   1.71
  1950.00    -7.21  0.00   0.346  0.000  -0.10064366 0.10835471     2.17   1.73
  1975.00    -7.09  0.00   0.357  0.000  -0.09822293 0.11123056     2.19   1.76
  2000.00    -6.97  0.00   0.369  0.000  -0.09576084 0.11439295     2.22   1.79
  2025.00    -6.86  0.00   0.381  0.000  -0.09327065 0.11783550     2.26   1.82
  2050.00    -6.74  0.00   0.394  0.000  -0.09076544 0.12155199     2.29   1.86
  2075.00    -6.63  0.00   0.408  0.000  -0.08825795 0.12553626     2.33   1.90
  2100.00    -6.52  0.00   0.422  0.000  -0.08576089 0.12978169     2.38   1.94
  2125.00    -6.41  0.00   0.437  0.000  -0.08328639 0.13428169     2.43   1.98
  2150.00    -6.31  0.00   0.453  0.000  -0.08084678 0.13902925     2.48   2.02
  2175.00    -6.21  0.00   0.468  0.000  -0.07845405 0.14401659     2.53   2.06
  2200.00    -6.12  0.00   0.485  0.000  -0.07611975 0.14923579     2.59   2.10
  2225.00    -6.04  0.00   0.501  0.000  -0.07385495 0.15467867     2.65   2.15
  2250.00    -5.96  0.00   0.518  0.000  -0.07167084 0.16033579     2.71   2.19
  2275.00    -5.89  0.00   0.535  0.000  -0.06957764 0.16619816     2.77   2.23
  2300.00    -5.83  0.00   0.552  0.000  -0.06758527 0.17225523     2.84   2.27
  2325.00    -5.78  0.00   0.569  0.000  -0.06570302 0.17849675     2.90   2.31
  2350.00    -5.74  0.00   0.587  0.000  -0.06393954 0.18491185     2.97   2.35
  2375.00    -5.71  0.00   0.604  0.000  -0.06230282 0.19148901     3.04   2.39
  2400.00    -5.70  0.00   0.621  0.000  -0.06080014 0.19821610     3.10   2.43
  2425.00    -5.70  0.00   0.638  0.000  -0.05943785 0.20508181     3.17   2.47
  2450.00    -5.72  0.00   0.655  0.000  -0.05822169 0.21207289     3.24   2.50
  2475.00    -5.75  0.00   0.671  0.000  -0.05715631 0.21917738     3.31   2.54
  2500.00    -5.81  0.00   0.688  0.000  -0.05624585 0.22638279     3.38   2.57