     0.00     0.00  0.00  -0.000  0.000   0.00000000 0.00000000     0.00   0.00
    25.00     0.00  0.00  -0.000  0.000   0.00000017 0.00000000     0.00   0.00
    50.00     0.00  0.00  -0.000  0.000   0.00000509 0.00000000     0.00   0.00
    75.00     0.00  0.00  -0.000  0.000   0.00003367 0.00000000     0.00   0.00
   100.00     0.01  0.00  -0.000  0.000   0.00011886 0.00000001     0.00   0.00
   125.00     0.02  0.00   0.000  0.000   0.00029524 0.00000009     0.00   0.00
   150.00     0.03  0.00   0.000  0.000   0.00058553 0.00000034     0.00   0.00
   175.00     0.06  0.00  -0.000  0.000   0.00099342 0.00000099     0.00  -0.00
   200.00     0.09  0.00   0.000  0.000   0.00150316 0.00000226     0.00   0.00
   225.00     0.12  0.00   0.000  0.000   0.00208389 0.00000434     0.00  -0.00
   250.00     0.15  0.00   0.000  0.000   0.00269609 0.00000727     0.00   0.00
   275.00     0.19  0.00  -0.000  0.000   0.00329875 0.00001088     0.00   0.00
   300.00     0.22  0.00   0.000  0.000   0.00385590 0.00003037     0.01   0.00
   325.00     0.25  0.00   0.000  0.000   0.00434249 0.00007633     0.01   0.01
   350.00     0.27  0.00   0.001  0.000   0.00474863 0.00016603     0.02   0.02
   375.00     0.29  0.00   0.001  0.000   0.00508212 0.00032715     0.04   0.04
   400.00     0.31  0.00   0.002  0.000   0.00536860 0.00059994     0.07   0.07
   425.00     0.32  0.00   0.004  0.000   0.00564715 0.00104252     0.11   0.11
   450.00     0.34  0.00   0.007  0.000   0.00595727 0.00173522     0.17   0.17
   475.00     0.36  0.00   0.011  0.000   0.00631762 0.00277233     0.25   0.25
   500.00     0.39  0.00   0.017  0.000   0.00671839 0.00423268     0.35   0.35
   525.00     0.41  0.00   0.024  0.000   0.00714803 0.00616116     0.48   0.47
   550.00     0.44  0.00   0.034  0.000   0.00761585 0.00858905     0.62   0.61
   575.00     0.48  0.00   0.045  0.000   0.00814413 0.01155753     0.78   0.77
   600.00     0.52  0.00   0.059  0.000   0.00875277 0.01512417     0.96   0.94
   625.00     0.56  0.00   0.076  0.000   0.00944921 0.01936306     1.16   1.13
   650.00     0.62  0.00   0.095  0.000   0.01022069 0.02436422     1.38   1.34
   675.00     0.67  0.00   0.117  0.000   0.01102600 0.03023310     1.62   1.56
   700.00     0.73  0.00   0.142  0.000   0.01178475 0.03708822     1.88   1.81
   725.00     0.78  0.00   0.171  0.000   0.01236436 0.04505466     2.18   2.07
   750.00     0.81  0.00   0.205  0.000   0.01256478 0.05425069     2.50   2.36
   775.00     0.80  0.00   0.242  0.000   0.01210402 0.06476343     2.85   2.66
   800.00     0.72  0.00   0.283  0.000   0.01061025 0.07661074     3.22   2.97
   825.00     0.53  0.00   0.326  0.000   0.00763091 0.08968782     3.62   3.29
   850.00     0.19  0.00   0.372  0.000   0.00267280 0.10370606     4.01   3.60
   875.00    -0.35  0.00   0.417  0.000  -0.00471339 0.11814258     4.40   3.88
   900.00    -1.15  0.00   0.458  0.000  -0.01480538 0.13223559     4.73   4.10
   925.00    -2.22  0.00   0.493  0.000  -0.02756823 0.14506103     5.00   4.25
   950.00    -3.52  0.00   0.519  0.000  -0.04256347 0.15570377     5.18   4.31
   975.00    -4.97  0.00   0.533  0.000  -0.05897247 0.16347469     5.25   4.28
  1000.00    -6.43  0.00   0.536  0.000  -0.07575615 0.16808805     5.22   4.17
  1025.00    -7.77  0.00   0.530  0.000  -0.09188886 0.16970854     5.10   3.98
  1050.00    -8.92  0.00   0.516  0.000  -0.10656365 0.16885974     4.92   3.76
  1075.00    -9.83  0.00   0.498  0.000  -0.11929777 0.16625150     4.69   3.51
  1100.00   -10.53  0.00   0.477  0.000  -0.12992725 0.16260983     4.45   3.27
  1125.00   -11.04  0.00   0.457  0.000  -0.13853124 0.15856005     4.22   3.04
  1150.00   -11.41  0.00   0.438  0.000  -0.14533806 0.15457442     3.99   2.83
  1175.00   -11.67  0.00   0.422  0.000  -0.15064023 0.15096967     3.79   2.65
  1200.00   -11.86  0.00   0.408  0.000  -0.15473625 0.14793023     3.62   2.50
  1225.00   -12.01  0.00   0.398  0.000  -0.15789761 0.14554206     3.46   2.37
  1250.00   -12.12  0.00   0.390  0.000  -0.16035335 0.14382409     3.34   2.26
  1275.00   -12.22  0.00   0.384  0.000  -0.16228807 0.14275444     3.23   2.17
  1300.00   -12.30  0.00   0.381  0.000  -0.16384587 0.14228792     3.14   2.10
  1325.00   -12.39  0.00   0.379  0.000  -0.16513608 0.14236985     3.06   2.04
  1350.00   -12.48  0.00   0.379  0.000  -0.16624087 0.14294198     3.00   1.99
  1375.00   -12.58  0.00   0.381  0.000  -0.16722053 0.14394780     2.96   1.96
  1400.00   -12.68  0.00   0.384  0.000  -0.16811898 0.14533553     2.92   1.93
  1425.00   -12.79  0.00   0.388  0.000  -0.16896757 0.14705752     2.89   1.90
  1450.00   -12.91  0.00   0.392  0.000  -0.16978894 0.14907186     2.86   1.88
  1475.00   -13.04  0.00   0.397  0.000  -0.17059830 0.15134159     2.85   1.87
  1500.00   -13.17  0.00   0.403  0.000  -0.17140628 0.15383430     2.83   1.86
  1525.00   -13.31  0.00   0.409  0.000  -0.17221954 0.15652199     2.82   1.85
  1550.00   -13.47  0.00   0.416  0.000  -0.17304265 0.15937984     2.82   1.84
  1575.00   -13.62  0.00   0.423  0.000  -0.17387781 0.16238683     2.81   1.83
  1600.00   -13.79  0.00   0.430  0.000  -0.17472589 0.16552408     2.81   1.83
  1625.00   -13.96  0.00   0.438  0.000  -0.17558700 0.16877553     2.81   1.82
  1650.00   -14.14  0.00   0.445  0.000  -0.17646050 0.17212692     2.82   1.82
  1675.00   -14.33  0.00   0.453  0.000  -0.17734510 0.17556582     2.82   1.82
  1700.00   -14.52  0.00   0.461  0.000  -0.17823972 0.17908165     2.82   1.82
  1725.00   -14.72  0.00   0.469  0.000  -0.17914239 0.18266430     2.83   1.82
  1750.00   -14.93  0.00   0.477  0.000  -0.18005195 0.18630567     2.84   1.81
  1775.00   -15.14  0.00   0.485  0.000  -0.18096624 0.18999787     2.84   1.81
  1800.00   -15.35  0.00   0.492  0.000  -0.18188390 0.19373453     2.85   1.81
  1825.00   -15.57  0.00   0.500  0.000  -0.18280324 0.19750954     2.86   1.81
  1850.00   -15.80  0.00   0.508  0.000  -0.18372244 0.20131761     2.86   1.81
  1875.00   -16.03  0.00   0.516  0.000  -0.18464026 0.20515379     2.87   1.81
  1900.00   -16.26  0.00   0.524  0.000  -0.18555513 0.20901395     2.88   1.80
  1925.00   -16.50  0.00   0.531  0.000  -0.18646599 0.21289429     2.89   1.80
  1950.00   -16.74  0.00   0.539  0.000  -0.18737112 0.21679106     2.90   1.80
  1975.00   -16.99  0.00   0.546  0.000  -0.18826956 0.22070096     2.90   1.80
  2000.00   -17.24  0.00   0.554  0.000  -0.18916042 0.22462177     2.91   1.79
  2025.00   -17.50  0.00   0.561  0.000  -0.19004251 0.22855017     2.92   1.79
  2050.00   -17.76  0.00   0.568  0.000  -0.19091500 0.23248404     2.92   1.79
  2075.00   -18.02  0.00   0.575  0.000  -0.19177683 0.23642123     2.93   1.78
  2100.00   -18.29  0.00   0.582  0.000  -0.19262759 0.24035987     2.94   1.78
  2125.00   -18.56  0.00   0.589  0.000  -0.19346641 0.24429744     2.94   1.77
  2150.00   -18.83  0.00   0.595  0.000  -0.19429252 0.24823323     2.95   1.77
  2175.00   -19.11  0.00   0.602  0.000  -0.19510552 0.25216529     2.96   1.76
  2200.00   -19.39  0.00   0.609  0.000  -0.19590479 0.25609183     2.96   1.76
  2225.00   -19.67  0.00   0.615  0.000  -0.19668968 0.26001215     2.97   1.75
  2250.00   -19.96  0.00   0.621  0.000  -0.19746010 0.26392445     2.97   1.75
  2275.00   -20.24  0.00   0.627  0.000  -0.19821581 0.26782843     2.98   1.74
  2300.00   -20.54  0.00   0.633  0.000  -0.19895580 0.27172232     2.98   1.74
  2325.00   -20.83  0.00   0.639  0.000  -0.19968036 0.27560526     2.99   1.73
  2350.00   -21.13  0.00   0.645  0.000  -0.20038922 0.27947658     2.99   1.73
  2375.00   -21.43  0.00   0.650  0.000  -0.20108190 0.28333586     3.00   1.72
  2400.00   -21.74  0.00   0.656  0.000  -0.20175843 0.28718182     3.00   1.71
  2425.00   -22.04  0.00   0.661  0.000  -0.20241821 0.29101378     3.00   1.71
  2450.00   -22.35  0.00   0.667  0.000  -0.20306185 0.29483110     3.01   1.70
  2475.00   -22.66  0.00   0.672  0.000  -0.20368858 0.29863328     3.01   1.69
  2500.00   -22.98  0.00   0.677  0.000  -0.20429893 0.30242008     3.01   1.68