     0.00     0.00  0.00   0.000  0.000   0.00000000-0.00000000    -0.00  -0.00
    25.00     0.00  0.00  -0.000  0.000   0.00000000 0.00000000     0.00   0.00
    50.00     0.00  0.00  -0.000  0.000   0.00000000 0.00000000     0.00   0.00
    75.00     0.00  0.00  -0.000  0.000   0.00000000 0.00000000     0.00   0.00
   100.00     0.00  0.00  -0.000  0.000   0.00000000 0.00000000     0.00   0.00
   125.00     0.00  0.00  -0.000  0.000   0.00000001 0.00000000     0.00   0.00
   150.00     0.00  0.00  -0.000  0.000   0.00000004 0.00000000     0.00   0.00
   175.00     0.00  0.00  -0.000  0.000   0.00000016 0.00000000     0.00   0.00
   200.00     0.00  0.00  -0.000  0.000   0.00000054 0.00000000     0.00   0.00
   225.00     0.00  0.00  -0.000  0.000   0.00000145 0.00000000     0.00   0.00
   250.00     0.00  0.00  -0.000  0.000   0.00000338 0.00000000     0.00   0.00
   275.00     0.00  0.00  -0.000  0.000   0.00000699 0.00000000     0.00   0.00
   300.00     0.00  0.00  -0.000  0.000   0.00001311 0.00000000     0.00   0.00
   325.00     0.00  0.00  -0.000  0.000   0.00002280 0.00000000     0.00   0.00
   350.00     0.00  0.00  -0.000  0.000   0.00003724 0.00000000     0.00   0.00
   375.00     0.00  0.00  -0.000  0.000   0.00005771 0.00000001     0.00   0.00
   400.00     0.00  0.00   0.000  0.000   0.00008559 0.00000002     0.00   0.00
   425.00     0.01  0.00   0.000  0.000   0.00012231 0.00000004     0.00   0.00
   450.00     0.01  0.00   0.000  0.000   0.00016931 0.00000008     0.00   0.00
   475.00     0.01  0.00   0.000  0.000   0.00022800 0.00000015     0.00   0.00
   500.00     0.02  0.00   0.000  0.000   0.00029978 0.00000028     0.00   0.00
   525.00     0.02  0.00   0.000  0.000   0.00038600 0.00000050     0.00   0.00
   550.00     0.03  0.00   0.000  0.000   0.00048796 0.00000087     0.00   0.00
   575.00     0.03  0.00   0.000  0.000   0.00060689 0.00000145     0.00   0.00
   600.00     0.04  0.00   0.000  0.000   0.00074395 0.00000235     0.00   0.00
   625.00     0.05  0.00   0.000  0.000   0.00090025 0.00000371     0.00   0.00
   650.00     0.06  0.00   0.000  0.000   0.00107682 0.00000571     0.00   0.00
   675.00     0.07  0.00   0.000  0.000   0.00127460 0.00000857     0.00   0.00
   700.00     0.09  0.00   0.000  0.000   0.00149451 0.00001259     0.00   0.00
   725.00     0.10  0.00   0.000  0.000   0.00173738 0.00001810     0.00   0.00
   750.00     0.11  0.00   0.000  0.000   0.00200397 0.00002555     0.00   0.00
   775.00     0.13  0.00   0.000  0.000   0.00229498 0.00003542     0.00   0.00
   800.00     0.15  0.00   0.000  0.000   0.00261106 0.00004832     0.01   0.01
   825.00     0.17  0.00   0.000  0.000   0.00295280 0.00006493     0.01   0.01
   850.00     0.19  0.00   0.000  0.000   0.00332069 0.00008605     0.01   0.01
   875.00     0.21  0.00   0.000  0.000   0.00371520 0.00011258     0.01   0.01
   900.00     0.24  0.00   0.001  0.000   0.00413668 0.00014553     0.02   0.01
   925.00     0.26  0.00   0.001  0.000   0.00458543 0.00018604     0.02   0.02
   950.00     0.29  0.00   0.001  0.000   0.00506166 0.00023537     0.02   0.02
   975.00     0.32  0.00   0.001  0.000   0.00556547 0.00029491     0.03   0.03
  1000.00     0.35  0.00   0.001  0.000   0.00609688 0.00036619     0.03   0.03
  1025.00     0.38  0.00   0.002  0.000   0.00665578 0.00045084     0.04   0.04
  1050.00     0.42  0.00   0.002  0.000   0.00724193 0.00055065     0.05   0.04
  1075.00     0.45  0.00   0.002  0.000   0.00785495 0.00066750     0.06   0.05
  1100.00     0.49  0.00   0.003  0.000   0.00849434 0.00080343     0.07   0.06
  1125.00     0.53  0.00   0.004  0.000   0.00915936 0.00096056     0.08   0.07
  1150.00     0.57  0.00   0.004  0.000   0.00984916 0.00114111     0.09   0.08
  1175.00     0.61  0.00   0.005  0.000   0.01056266 0.00134742     0.10   0.09
  1200.00     0.65  0.00   0.006  0.000   0.01129858 0.00158187     0.12   0.11
  1225.00     0.69  0.00   0.007  0.000   0.01205541 0.00184692     0.13   0.12
  1250.00     0.74  0.00   0.008  0.000   0.01283142 0.00214504     0.15   0.14
  1275.00     0.78  0.00   0.009  0.000   0.01362461 0.00247875     0.17   0.16
  1300.00     0.83  0.00   0.011  0.000   0.01443275 0.00285051     0.19   0.17
  1325.00     0.88  0.00   0.012  0.000   0.01525332 0.00326279     0.21   0.19
  1350.00     0.93  0.00   0.014  0.000   0.01608359 0.00371796     0.23   0.22
  1375.00     0.98  0.00   0.016  0.000   0.01692051 0.00421830     0.26   0.24
  1400.00     1.03  0.00   0.018  0.000   0.01776084 0.00476595     0.29   0.27
  1425.00     1.08  0.00   0.020  0.000   0.01860099 0.00536289     0.32   0.29
  1450.00     1.13  0.00   0.022  0.000   0.01943728 0.00601090     0.35   0.32
  1475.00     1.18  0.00   0.025  0.000   0.02026566 0.00671153     0.38   0.35
  1500.00     1.23  0.00   0.028  0.000   0.02108199 0.00746606     0.41   0.38
  1525.00     1.27  0.00   0.031  0.000   0.02188192 0.00827549     0.45   0.42
  1550.00     1.32  0.00   0.034  0.000   0.02266096 0.00914049     0.48   0.45
  1575.00     1.37  0.00   0.038  0.000   0.02341453 0.01006141     0.52   0.49
  1600.00     1.41  0.00   0.041  0.000   0.02413799 0.01103823     0.56   0.53
  1625.00     1.46  0.00   0.045  0.000   0.02482666 0.01207055     0.60   0.57
  1650.00     1.50  0.00   0.049  0.000   0.02547587 0.01315761     0.65   0.61
  1675.00     1.54  0.00   0.054  0.000   0.02608099 0.01429823     0.69   0.65
  1700.00     1.57  0.00   0.058  0.000   0.02663760 0.01549093     0.73   0.69
  1725.00     1.61  0.00   0.063  0.000   0.02714130 0.01673375     0.78   0.73
  1750.00     1.64  0.00   0.068  0.000   0.02758801 0.01802451     0.82   0.77
  1775.00     1.67  0.00   0.073  0.000   0.02797375 0.01936055     0.87   0.82
  1800.00     1.69  0.00   0.078  0.000   0.02829493 0.02073906     0.92   0.86
  1825.00     1.71  0.00   0.083  0.000   0.02854821 0.02215685     0.96   0.90
  1850.00     1.73  0.00   0.089  0.000   0.02873056 0.02361049     1.01   0.95
  1875.00     1.74  0.00   0.095  0.000   0.02883931 0.02509640     1.05   0.99
  1900.00     1.75  0.00   0.100  0.000   0.02887227 0.02661084     1.10   1.04
  1925.00     1.75  0.00   0.106  0.000   0.02882747 0.02814990     1.15   1.08
  1950.00     1.75  0.00   0.112  0.000   0.02870343 0.02970969     1.19   1.12
  1975.00     1.74  0.00   0.118  0.000   0.02849904 0.03128611     1.23   1.16
  2000.00     1.73  0.00   0.124  0.000   0.02821355 0.03287532     1.28   1.20
  2025.00     1.71  0.00   0.130  0.000   0.02784663 0.03447331     1.32   1.24
  2050.00     1.69  0.00   0.136  0.000   0.02739825 0.03607619     1.36   1.28
  2075.00     1.66  0.00   0.142  0.000   0.02686883 0.03768031     1.40   1.32
  2100.00     1.63  0.00   0.148  0.000   0.02625896 0.03928200     1.44   1.36
  2125.00     1.59  0.00   0.154  0.000   0.02556963 0.04087789     1.48   1.39
  2150.00     1.55  0.00   0.160  0.000   0.02480207 0.04246472     1.51   1.43
  2175.00     1.50  0.00   0.166  0.000   0.02395774 0.04403945     1.55   1.46
  2200.00     1.45  0.00   0.172  0.000   0.02303835 0.04559928     1.58   1.49
  2225.00     1.39  0.00   0.178  0.000   0.02204570 0.04714170     1.61   1.52
  2250.00     1.33  0.00   0.183  0.000   0.02098189 0.04866422     1.64   1.55
  2275.00     1.26  0.00   0.189  0.000   0.01984899 0.05016496     1.67   1.58
  2300.00     1.19  0.00   0.195  0.000   0.01864933 0.05164182     1.70   1.60
  2325.00     1.11  0.00   0.200  0.000   0.01738516 0.05309339     1.73   1.62
  2350.00     1.03  0.00   0.205  0.000   0.01605891 0.05451821     1.75   1.65
  2375.00     0.95  0.00   0.210  0.000   0.01467294 0.05591503     1.77   1.67
  2400.00     0.86  0.00   0.215  0.000   0.01322976 0.05728300     1.79   1.69
  2425.00     0.76  0.00   0.220  0.000   0.01173166 0.05862137     1.81   1.70
  2450.00     0.66  0.00   0.225  0.000   0.01018116 0.05992938     1.83   1.72
  2475.00     0.56  0.00   0.230  0.000   0.00858060 0.06120683     1.85   1.73
  2500.00     0.45  0.00   0.234  0.000   0.00693222 0.06245364     1.87   1.75