     0.00    -0.00  0.00  -0.000  0.000  -0.00000000 0.00000000     0.00   0.00
    25.00    -0.01  0.00   0.000  0.000  -0.00022083 0.00000005     0.00  -0.00
    50.00    -0.09  0.00  -0.000  0.000  -0.00159437 0.00000254     0.01   0.00
    75.00    -0.26  0.00  -0.000  0.000  -0.00457413 0.00002092     0.02   0.00
   100.00    -0.50  0.00   0.000  0.000  -0.00874712 0.00007652     0.05   0.00
   125.00    -0.75  0.00   0.000  0.000  -0.01312869 0.00017239     0.08   0.00
   150.00    -0.95  0.00   0.000  0.000  -0.01653725 0.00027356     0.09   0.00
   175.00    -1.02  0.00  -0.000  0.000  -0.01782624 0.00031788     0.08   0.00
   200.00    -0.91  0.00  -0.000  0.000  -0.01596021 0.00025479     0.05   0.00
   225.00    -0.57  0.00   0.000  0.000  -0.00999854 0.00009998     0.02   0.00
   250.00     0.05  0.00   0.000  0.000   0.00095832 0.00000092     0.00   0.00
   275.00     1.02  0.00   0.000  0.000   0.01782657 0.00031789     0.03   0.00
   300.00     2.39  0.00   0.002  0.000   0.04154767 0.00213127     0.20   0.04
   325.00     4.21  0.00   0.006  0.000   0.07304921 0.00681677     0.56   0.12
   350.00     6.58  0.00   0.014  0.000   0.11306343 0.01667172     1.22   0.26
   375.00     9.59  0.00   0.031  0.000   0.16165988 0.03521427     2.30   0.51
   400.00    13.33  0.00   0.062  0.000   0.21728222 0.06731811     3.96   0.92
   425.00    17.90  0.00   0.115  0.000   0.27512398 0.11864334     6.35   1.55
   450.00    23.34  0.00   0.200  0.000   0.32536903 0.19314633     9.46   2.45
   475.00    29.53  0.00   0.319  0.000   0.35394582 0.28790766    12.97   3.59
   500.00    36.20  0.00   0.462  0.000   0.34968621 0.38908532    16.21   4.81
   525.00    42.95  0.00   0.604  0.000   0.31400555 0.47747907    18.48   5.84
   550.00    49.48  0.00   0.723  0.000   0.26016882 0.54104424    19.53   6.52
   575.00    55.69  0.00   0.810  0.000   0.20274207 0.57939929    19.58   6.85
   600.00    61.61  0.00   0.870  0.000   0.15060642 0.59860396    19.00   6.91
   625.00    67.29  0.00   0.910  0.000   0.10699201 0.60542434    18.10   6.80
   650.00    72.78  0.00   0.935  0.000   0.07196724 0.60496962    17.09   6.60
   675.00    78.09  0.00   0.952  0.000   0.04438161 0.60052162    16.07   6.37
   700.00    83.17  0.00   0.963  0.000   0.02284478 0.59402722    15.09   6.11
   725.00    87.98  0.00   0.970  0.000   0.00610134 0.58659166    14.17   5.86
   750.00    92.49  0.00   0.975  0.000  -0.00687009 0.57882273    13.33   5.61
   775.00    96.68  0.00   0.979  0.000  -0.01686545 0.57104576    12.56   5.38
   800.00   100.56  0.00   0.982  0.000  -0.02449247 0.56342798    11.86   5.16
   825.00   104.16  0.00   0.984  0.000  -0.03021154 0.55605024    11.22   4.96
   850.00   107.54  0.00   0.986  0.000  -0.03437103 0.54894865    10.63   4.77
   875.00   110.73  0.00   0.987  0.000  -0.03723451 0.54213750    10.08   4.59
   900.00   113.80  0.00   0.989  0.000  -0.03900128 0.53562331     9.59   4.43
   925.00   116.78  0.00   0.990  0.000  -0.03982269 0.52941322     9.13   4.27
   950.00   119.72  0.00   0.991  0.000  -0.03981515 0.52351844     8.71   4.12
   975.00   122.66  0.00   0.993  0.000  -0.03907019 0.51795834     8.32   3.99
  1000.00   125.64  0.00   0.994  0.000  -0.03766447 0.51276135     7.96   3.86
  1025.00   128.71  0.00   0.995  0.000  -0.03566717 0.50796467     7.63   3.74
  1050.00   131.89  0.00   0.996  0.000  -0.03314937 0.50360966     7.33   3.62
  1075.00   135.25  0.00   0.996  0.000  -0.03018715 0.49973735     7.05   3.51
  1100.00   138.84  0.00   0.997  0.000  -0.02686328 0.49638012     6.80   3.41
  1125.00   142.74  0.00   0.998  0.000  -0.02326385 0.49355659     6.56   3.32
  1150.00   147.07  0.00   0.998  0.000  -0.01947097 0.49127039     6.35   3.22
  1175.00   151.99  0.00   0.999  0.000  -0.01556058 0.48951215     6.15   3.14
  1200.00   157.67  0.00   0.999  0.000  -0.01159836 0.48826328     5.97   3.05
  1225.00   164.28  0.00   0.999  0.000  -0.00764024 0.48749891     5.80   2.97
  1250.00   171.88  0.00   0.999  0.000  -0.00373340 0.48719111     5.65   2.90
  1275.00     0.18  0.00   0.999  0.000   0.00008173 0.48730963     5.51   2.82
  1300.00     8.61  0.00   0.999  0.000   0.00377184 0.48782358     5.38   2.76
  1325.00    16.45  0.00   0.999  0.000   0.00730833 0.48870102     5.26   2.69
  1350.00    23.30  0.00   0.999  0.000   0.01066777 0.48991039     5.15   2.63
  1375.00    29.09  0.00   0.999  0.000   0.01383076 0.49141988     5.05   2.56
  1400.00    33.97  0.00   0.999  0.000   0.01678095 0.49319783     4.95   2.51
  1425.00    38.11  0.00   0.998  0.000   0.01950593 0.49521309     4.86   2.45
  1450.00    41.67  0.00   0.998  0.000   0.02199630 0.49743530     4.78   2.40
  1475.00    44.80  0.00   0.998  0.000   0.02424526 0.49983457     4.70   2.34
  1500.00    47.59  0.00   0.997  0.000   0.02624843 0.50238264     4.62   2.30
  1525.00    50.11  0.00   0.997  0.000   0.02800414 0.50505191     4.55   2.25
  1550.00    52.42  0.00   0.996  0.000   0.02951233 0.50781673     4.49   2.20
  1575.00    54.55  0.00   0.996  0.000   0.03077510 0.51065218     4.42   2.16
  1600.00    56.53  0.00   0.995  0.000   0.03179580 0.51353586     4.36   2.11
  1625.00    58.39  0.00   0.995  0.000   0.03257913 0.51644629     4.30   2.07
  1650.00    60.15  0.00   0.994  0.000   0.03313126 0.51936448     4.25   2.03
  1675.00    61.83  0.00   0.994  0.000   0.03345859 0.52227247     4.19   1.99
  1700.00    63.42  0.00   0.993  0.000   0.03356891 0.52515489     4.14   1.96
  1725.00    64.96  0.00   0.992  0.000   0.03346984 0.52799755     4.09   1.92
  1750.00    66.43  0.00   0.992  0.000   0.03316959 0.53078812     4.04   1.89
  1775.00    67.86  0.00   0.991  0.000   0.03267650 0.53351593     3.99   1.85
  1800.00    69.25  0.00   0.991  0.000   0.03199874 0.53617221     3.94   1.82
  1825.00    70.60  0.00   0.990  0.000   0.03114451 0.53874916     3.90   1.79
  1850.00    71.93  0.00   0.990  0.000   0.03012178 0.54124051     3.85   1.76
  1875.00    73.23  0.00   0.989  0.000   0.02893878 0.54364216     3.81   1.73
  1900.00    74.50  0.00   0.989  0.000   0.02760221 0.54594958     3.76   1.70
  1925.00    75.76  0.00   0.988  0.000   0.02611939 0.54816127     3.72   1.68
  1950.00    77.01  0.00   0.987  0.000   0.02449666 0.55027539     3.67   1.65
  1975.00    78.25  0.00   0.987  0.000   0.02274010 0.55229163     3.63   1.62
  2000.00    79.48  0.00   0.987  0.000   0.02085531 0.55421025     3.59   1.60
  2025.00    80.70  0.00   0.986  0.000   0.01884768 0.55603284     3.55   1.57
  2050.00    81.93  0.00   0.986  0.000   0.01672206 0.55776119     3.51   1.55
  2075.00    83.15  0.00   0.985  0.000   0.01448258 0.55939800     3.47   1.53
  2100.00    84.37  0.00   0.985  0.000   0.01213303 0.56094635     3.43   1.50
  2125.00    85.59  0.00   0.984  0.000   0.00967694 0.56240988     3.39   1.48
  2150.00    86.82  0.00   0.984  0.000   0.00711746 0.56379294     3.35   1.46
  2175.00    88.04  0.00   0.983  0.000   0.00445801 0.56510049     3.31   1.44
  2200.00    89.27  0.00   0.982  0.000   0.00170016 0.56633687     3.28   1.42
  2225.00    90.49  0.00   0.982  0.000  -0.00115335 0.56750774     3.24   1.40
  2250.00    91.71  0.00   0.981  0.000  -0.00409984 0.56861889     3.20   1.38
  2275.00    92.92  0.00   0.980  0.000  -0.00713844 0.56967628     3.17   1.36
  2300.00    94.13  0.00   0.980  0.000  -0.01026666 0.57068568     3.13   1.34
  2325.00    95.33  0.00   0.979  0.000  -0.01348299 0.57165390     3.10   1.33
  2350.00    96.51  0.00   0.978  0.000  -0.01678589 0.57258707     3.06   1.31
  2375.00    97.67  0.00   0.977  0.000  -0.02017370 0.57349277     3.03   1.29
  2400.00    98.82  0.00   0.976  0.000  -0.02364419 0.57437724     3.00   1.27
  2425.00    99.94  0.00   0.974  0.000  -0.02719721 0.57524717     2.97   1.26
  2450.00   101.03  0.00   0.973  0.000  -0.03082949 0.57611030     2.94   1.24
  2475.00   102.08  0.00   0.972  0.000  -0.03454056 0.57697326     2.91   1.22
  2500.00   103.11  0.00   0.970  0.000  -0.03832735 0.57784379     2.88   1.21