     0.00    -0.00  0.00   0.000  0.000  -0.00000000 0.00000000     0.00   0.00
    25.00    -0.00  0.00  -0.000  0.000  -0.00000000 0.00000000     0.00   0.00
    50.00    -0.00  0.00  -0.000  0.000  -0.00000002 0.00000000     0.00   0.00
    75.00    -0.00  0.00  -0.000  0.000  -0.00000028 0.00000000     0.00   0.00
   100.00    -0.00  0.00  -0.000  0.000  -0.00000161 0.00000000     0.00   0.00
   125.00    -0.00  0.00  -0.000  0.000  -0.00000563 0.00000000     0.00   0.00
   150.00    -0.00  0.00  -0.000  0.000  -0.00001447 0.00000000     0.00   0.00
   175.00    -0.00  0.00  -0.000  0.000  -0.00003012 0.00000000     0.00   0.00
   200.00    -0.00  0.00  -0.000  0.000  -0.00005387 0.00000000     0.00   0.00
   225.00    -0.00  0.00  -0.000  0.000  -0.00008608 0.00000001     0.00   0.00
   250.00    -0.01  0.00   0.000  0.000  -0.00012616 0.00000002     0.00   0.00
   275.00    -0.01  0.00  -0.000  0.000  -0.00017271 0.00000003     0.00   0.00
   300.00    -0.01  0.00   0.000  0.000  -0.00022372 0.00000005     0.00   0.00
   325.00    -0.02  0.00   0.000  0.000  -0.00027683 0.00000010     0.00   0.00
   350.00    -0.02  0.00   0.000  0.000  -0.00032946 0.00000017     0.00   0.00
   375.00    -0.02  0.00   0.000  0.000  -0.00037899 0.00000031     0.00   0.00
   400.00    -0.02  0.00   0.000  0.000  -0.00042283 0.00000055     0.00   0.00
   425.00    -0.03  0.00   0.000  0.000  -0.00045852 0.00000097     0.00   0.00
   450.00    -0.03  0.00   0.000  0.000  -0.00048371 0.00000169     0.00   0.00
   475.00    -0.03  0.00   0.000  0.000  -0.00049620 0.00000290     0.00   0.00
   500.00    -0.03  0.00   0.000  0.000  -0.00049397 0.00000490     0.00   0.00
   525.00    -0.03  0.00   0.000  0.000  -0.00047511 0.00000810     0.00   0.00
   550.00    -0.03  0.00   0.000  0.000  -0.00043791 0.00001306     0.00   0.00
   575.00    -0.02  0.00   0.000  0.000  -0.00038077 0.00002052     0.00   0.00
   600.00    -0.02  0.00   0.000  0.000  -0.00030228 0.00003140     0.00   0.00
   625.00    -0.01  0.00   0.000  0.000  -0.00020117 0.00004683     0.01   0.01
   650.00    -0.00  0.00   0.000  0.000  -0.00007631 0.00006812     0.01   0.01
   675.00     0.00  0.00   0.000  0.000   0.00007324 0.00009683     0.01   0.01
   700.00     0.01  0.00   0.001  0.000   0.00024829 0.00013474     0.01   0.01
   725.00     0.03  0.00   0.001  0.000   0.00044947 0.00018385     0.02   0.02
   750.00     0.04  0.00   0.001  0.000   0.00067723 0.00024640     0.02   0.02
   775.00     0.05  0.00   0.001  0.000   0.00093183 0.00032486     0.03   0.03
   800.00     0.07  0.00   0.002  0.000   0.00121331 0.00042194     0.04   0.04
   825.00     0.09  0.00   0.002  0.000   0.00152149 0.00054057     0.04   0.04
   850.00     0.11  0.00   0.003  0.000   0.00185594 0.00068388     0.05   0.05
   875.00     0.13  0.00   0.003  0.000   0.00221595 0.00085520     0.06   0.06
   900.00     0.15  0.00   0.004  0.000   0.00260053 0.00105804     0.08   0.08
   925.00     0.17  0.00   0.005  0.000   0.00300836 0.00129605     0.09   0.09
   950.00     0.20  0.00   0.006  0.000   0.00343781 0.00157304     0.10   0.10
   975.00     0.22  0.00   0.007  0.000   0.00388684 0.00189287     0.12   0.12
  1000.00     0.25  0.00   0.009  0.000   0.00435308 0.00225946     0.14   0.14
  1025.00     0.28  0.00   0.011  0.000   0.00483375 0.00267675     0.16   0.16
  1050.00     0.31  0.00   0.012  0.000   0.00532567 0.00314865     0.18   0.18
  1075.00     0.34  0.00   0.015  0.000   0.00582524 0.00367896     0.21   0.20
  1100.00     0.37  0.00   0.017  0.000   0.00632845 0.00427136     0.23   0.23
  1125.00     0.40  0.00   0.019  0.000   0.00683091 0.00492931     0.26   0.26
  1150.00     0.42  0.00   0.022  0.000   0.00732780 0.00565605     0.29   0.29
  1175.00     0.45  0.00   0.025  0.000   0.00781397 0.00645448     0.32   0.32
  1200.00     0.48  0.00   0.029  0.000   0.00828391 0.00732714     0.36   0.35
  1225.00     0.51  0.00   0.033  0.000   0.00873181 0.00827617     0.39   0.39
  1250.00     0.53  0.00   0.037  0.000   0.00915160 0.00930321     0.43   0.42
  1275.00     0.56  0.00   0.041  0.000   0.00953701 0.01040943     0.47   0.46
  1300.00     0.58  0.00   0.045  0.000   0.00988163 0.01159540     0.51   0.50
  1325.00     0.60  0.00   0.050  0.000   0.01017896 0.01286115     0.55   0.54
  1350.00     0.61  0.00   0.056  0.000   0.01042253 0.01420610     0.60   0.58
  1375.00     0.63  0.00   0.061  0.000   0.01060588 0.01562907     0.64   0.63
  1400.00     0.64  0.00   0.067  0.000   0.01072276 0.01712828     0.69   0.67
  1425.00     0.64  0.00   0.073  0.000   0.01076706 0.01870131     0.73   0.72
  1450.00     0.64  0.00   0.079  0.000   0.01073304 0.02034526     0.78   0.76
  1475.00     0.64  0.00   0.086  0.000   0.01061528 0.02205660     0.83   0.81
  1500.00     0.63  0.00   0.093  0.000   0.01040878 0.02383141     0.88   0.85
  1525.00     0.61  0.00   0.100  0.000   0.01010903 0.02566523     0.93   0.90
  1550.00     0.59  0.00   0.107  0.000   0.00971203 0.02755330     0.97   0.94
  1575.00     0.56  0.00   0.114  0.000   0.00921442 0.02949054     1.02   0.99
  1600.00     0.53  0.00   0.122  0.000   0.00861330 0.03147155     1.07   1.03
  1625.00     0.49  0.00   0.129  0.000   0.00790650 0.03349088     1.12   1.08
  1650.00     0.44  0.00   0.137  0.000   0.00709239 0.03554289     1.16   1.12
  1675.00     0.38  0.00   0.145  0.000   0.00616999 0.03762193     1.21   1.16
  1700.00     0.32  0.00   0.152  0.000   0.00513889 0.03972246     1.25   1.20
  1725.00     0.25  0.00   0.160  0.000   0.00399929 0.04183890     1.30   1.24
  1750.00     0.17  0.00   0.168  0.000   0.00275188 0.04396602     1.34   1.28
  1775.00     0.09  0.00   0.176  0.000   0.00139798 0.04609860     1.38   1.32
  1800.00    -0.00  0.00   0.184  0.000  -0.00006085 0.04823191     1.42   1.35
  1825.00    -0.10  0.00   0.191  0.000  -0.00162242 0.05036130     1.46   1.38
  1850.00    -0.21  0.00   0.199  0.000  -0.00328418 0.05248255     1.49   1.41
  1875.00    -0.32  0.00   0.206  0.000  -0.00504344 0.05459172     1.53   1.44
  1900.00    -0.45  0.00   0.214  0.000  -0.00689696 0.05668541     1.56   1.47
  1925.00    -0.57  0.00   0.221  0.000  -0.00884155 0.05876036     1.59   1.50
  1950.00    -0.71  0.00   0.228  0.000  -0.01087371 0.06081391     1.62   1.52
  1975.00    -0.85  0.00   0.235  0.000  -0.01298972 0.06284341     1.65   1.54
  2000.00    -1.00  0.00   0.242  0.000  -0.01518598 0.06484715     1.68   1.57
  2025.00    -1.15  0.00   0.248  0.000  -0.01745860 0.06682324     1.71   1.58
  2050.00    -1.31  0.00   0.255  0.000  -0.01980385 0.06877033     1.73   1.60
  2075.00    -1.48  0.00   0.261  0.000  -0.02221792 0.07068744     1.75   1.62
  2100.00    -1.65  0.00   0.267  0.000  -0.02469703 0.07257379     1.77   1.63
  2125.00    -1.83  0.00   0.273  0.000  -0.02723757 0.07442897     1.79   1.64
  2150.00    -2.01  0.00   0.278  0.000  -0.02983592 0.07625274     1.81   1.65
  2175.00    -2.20  0.00   0.284  0.000  -0.03248850 0.07804514     1.83   1.66
  2200.00    -2.39  0.00   0.289  0.000  -0.03519187 0.07980642     1.85   1.67
  2225.00    -2.59  0.00   0.294  0.000  -0.03794298 0.08153712     1.86   1.68
  2250.00    -2.79  0.00   0.299  0.000  -0.04073837 0.08323758     1.88   1.68
  2275.00    -3.00  0.00   0.303  0.000  -0.04357533 0.08490892     1.89   1.69
  2300.00    -3.21  0.00   0.308  0.000  -0.04645063 0.08655163     1.90   1.69
  2325.00    -3.42  0.00   0.312  0.000  -0.04936178 0.08816703     1.91   1.69
  2350.00    -3.63  0.00   0.316  0.000  -0.05230608 0.08975606     1.92   1.69
  2375.00    -3.85  0.00   0.320  0.000  -0.05528107 0.09131981     1.93   1.69
  2400.00    -4.07  0.00   0.323  0.000  -0.05828431 0.09285976     1.94   1.69
  2425.00    -4.30  0.00   0.327  0.000  -0.06131378 0.09437695     1.95   1.69
  2450.00    -4.52  0.00   0.330  0.000  -0.06436712 0.09587273     1.95   1.68
  2475.00    -4.75  0.00   0.333  0.000  -0.06744245 0.09734838     1.96   1.68
  2500.00    -4.99  0.00   0.336  0.000  -0.07053810 0.09880559     1.97   1.67