     0.00     0.00  0.00   0.000  0.000   0.00000000-0.00000000    -0.00  -0.00
    25.00     0.00  0.00  -0.000  0.000   0.00000000 0.00000000     0.00   0.00
    50.00     0.00  0.00  -0.000  0.000   0.00000000 0.00000000     0.00   0.00
    75.00     0.00  0.00  -0.000  0.000   0.00000002 0.00000000     0.00   0.00
   100.00     0.00  0.00  -0.000  0.000   0.00000022 0.00000000     0.00   0.00
   125.00     0.00  0.00  -0.000  0.000   0.00000123 0.00000000     0.00   0.00
   150.00     0.00  0.00  -0.000  0.000   0.00000472 0.00000000     0.00   0.00
   175.00     0.00  0.00  -0.000  0.000   0.00001386 0.00000000     0.00   0.00
   200.00     0.00  0.00  -0.000  0.000   0.00003358 0.00000000     0.00   0.00
   225.00     0.00  0.00  -0.000  0.000   0.00007051 0.00000000     0.00   0.00
   250.00     0.01  0.00   0.000  0.000   0.00013270 0.00000002     0.00   0.00
   275.00     0.01  0.00   0.000  0.000   0.00022925 0.00000005     0.00  -0.00
   300.00     0.02  0.00   0.000  0.000   0.00036986 0.00000037     0.00   0.00
   325.00     0.03  0.00   0.000  0.000   0.00056453 0.00000125     0.00   0.00
   350.00     0.05  0.00   0.000  0.000   0.00082329 0.00000315     0.00   0.00
   375.00     0.07  0.00   0.000  0.000   0.00115602 0.00000681     0.00   0.00
   400.00     0.09  0.00   0.000  0.000   0.00157234 0.00001335     0.00   0.00
   425.00     0.12  0.00   0.000  0.000   0.00208159 0.00002432     0.01   0.00
   450.00     0.15  0.00   0.000  0.000   0.00269272 0.00004190     0.01   0.01
   475.00     0.20  0.00   0.000  0.000   0.00341422 0.00006903     0.01   0.01
   500.00     0.24  0.00   0.000  0.000   0.00425393 0.00010945     0.02   0.02
   525.00     0.30  0.00   0.001  0.000   0.00521876 0.00016762     0.03   0.02
   550.00     0.36  0.00   0.001  0.000   0.00631479 0.00024849     0.04   0.03
   575.00     0.43  0.00   0.001  0.000   0.00754735 0.00035733     0.05   0.04
   600.00     0.51  0.00   0.002  0.000   0.00892111 0.00049974     0.06   0.05
   625.00     0.60  0.00   0.002  0.000   0.01044026 0.00068165     0.08   0.07
   650.00     0.69  0.00   0.003  0.000   0.01210852 0.00090940     0.10   0.09
   675.00     0.80  0.00   0.004  0.000   0.01392917 0.00118975     0.13   0.11
   700.00     0.91  0.00   0.005  0.000   0.01590508 0.00152996     0.16   0.13
   725.00     1.04  0.00   0.006  0.000   0.01803869 0.00193781     0.19   0.16
   750.00     1.17  0.00   0.008  0.000   0.02033200 0.00242165     0.22   0.18
   775.00     1.31  0.00   0.010  0.000   0.02278651 0.00299043     0.26   0.22
   800.00     1.46  0.00   0.012  0.000   0.02540331 0.00365378     0.31   0.25
   825.00     1.63  0.00   0.014  0.000   0.02818284 0.00442203     0.36   0.29
   850.00     1.80  0.00   0.017  0.000   0.03112499 0.00530625     0.41   0.33
   875.00     1.98  0.00   0.020  0.000   0.03422893 0.00631831     0.47   0.38
   900.00     2.18  0.00   0.024  0.000   0.03749311 0.00747096     0.53   0.43
   925.00     2.38  0.00   0.028  0.000   0.04091502 0.00877780     0.61   0.48
   950.00     2.60  0.00   0.033  0.000   0.04449124 0.01025338     0.68   0.54
   975.00     2.82  0.00   0.038  0.000   0.04821704 0.01191316     0.77   0.61
  1000.00     3.06  0.00   0.043  0.000   0.05208646 0.01377362     0.86   0.68
  1025.00     3.30  0.00   0.050  0.000   0.05609198 0.01585217     0.95   0.75
  1050.00     3.56  0.00   0.057  0.000   0.06022429 0.01816714     1.06   0.83
  1075.00     3.83  0.00   0.065  0.000   0.06447202 0.02073774     1.17   0.91
  1100.00     4.11  0.00   0.073  0.000   0.06882160 0.02358403     1.29   1.00
  1125.00     4.40  0.00   0.083  0.000   0.07325663 0.02672657     1.42   1.10
  1150.00     4.70  0.00   0.093  0.000   0.07775798 0.03018650     1.56   1.20
  1175.00     5.01  0.00   0.104  0.000   0.08230314 0.03398510     1.71   1.31
  1200.00     5.33  0.00   0.117  0.000   0.08686580 0.03814338     1.86   1.42
  1225.00     5.65  0.00   0.130  0.000   0.09141596 0.04268192     2.03   1.55
  1250.00     5.99  0.00   0.145  0.000   0.09591892 0.04761997     2.21   1.68
  1275.00     6.33  0.00   0.160  0.000   0.10033543 0.05297491     2.40   1.81
  1300.00     6.67  0.00   0.177  0.000   0.10462145 0.05876162     2.59   1.96
  1325.00     7.02  0.00   0.196  0.000   0.10872779 0.06499113     2.80   2.11
  1350.00     7.36  0.00   0.215  0.000   0.11260053 0.07166997     3.01   2.26
  1375.00     7.71  0.00   0.236  0.000   0.11618076 0.07879886     3.24   2.43
  1400.00     8.05  0.00   0.259  0.000   0.11940558 0.08637111     3.47   2.60
  1425.00     8.38  0.00   0.282  0.000   0.12220827 0.09437160     3.71   2.77
  1450.00     8.70  0.00   0.307  0.000   0.12452020 0.10277559     3.95   2.95
  1475.00     9.00  0.00   0.333  0.000   0.12627153 0.11154706     4.19   3.13
  1500.00     9.28  0.00   0.359  0.000   0.12739380 0.12063815     4.44   3.31
  1525.00     9.53  0.00   0.387  0.000   0.12782170 0.12998827     4.69   3.49
  1550.00     9.74  0.00   0.415  0.000   0.12749606 0.13952397     4.93   3.67
  1575.00     9.90  0.00   0.444  0.000   0.12636657 0.14915940     5.17   3.84
  1600.00    10.02  0.00   0.472  0.000   0.12439458 0.15879756     5.40   4.01
  1625.00    10.06  0.00   0.501  0.000   0.12155626 0.16833185     5.61   4.18
  1650.00    10.04  0.00   0.529  0.000   0.11784447 0.17764890     5.81   4.33
  1675.00     9.94  0.00   0.556  0.000   0.11327112 0.18663201     6.00   4.46
  1700.00     9.74  0.00   0.582  0.000   0.10786802 0.19516532     6.16   4.59
  1725.00     9.45  0.00   0.606  0.000   0.10168713 0.20313704     6.29   4.70
  1750.00     9.06  0.00   0.629  0.000   0.09479899 0.21044527     6.41   4.79
  1775.00     8.57  0.00   0.649  0.000   0.08729202 0.21700019     6.49   4.86
  1800.00     7.98  0.00   0.667  0.000   0.07926720 0.22272903     6.55   4.91
  1825.00     7.29  0.00   0.683  0.000   0.07083673 0.22757721     6.58   4.94
  1850.00     6.51  0.00   0.696  0.000   0.06211849 0.23151033     6.59   4.95
  1875.00     5.67  0.00   0.707  0.000   0.05323146 0.23451480     6.57   4.95
  1900.00     4.77  0.00   0.715  0.000   0.04429298 0.23659712     6.52   4.92
  1925.00     3.85  0.00   0.720  0.000   0.03541295 0.23778136     6.45   4.88
  1950.00     2.91  0.00   0.723  0.000   0.02669241 0.23810768     6.36   4.83
  1975.00     1.99  0.00   0.723  0.000   0.01822113 0.23762903     6.25   4.76
  2000.00     1.09  0.00   0.722  0.000   0.01007486 0.23640850     6.13   4.67
  2025.00     0.25  0.00   0.718  0.000   0.00231659 0.23451576     5.99   4.58
  2050.00    -0.53  0.00   0.713  0.000  -0.00500503 0.23202425     5.84   4.48
  2075.00    -1.25  0.00   0.706  0.000  -0.01185462 0.22900872     5.68   4.37
  2100.00    -1.90  0.00   0.697  0.000  -0.01820813 0.22554341     5.51   4.26
  2125.00    -2.47  0.00   0.688  0.000  -0.02405327 0.22169903     5.34   4.15
  2150.00    -2.97  0.00   0.677  0.000  -0.02938659 0.21754290     5.17   4.03
  2175.00    -3.40  0.00   0.666  0.000  -0.03421250 0.21313792     5.00   3.91
  2200.00    -3.77  0.00   0.654  0.000  -0.03854183 0.20854044     4.82   3.78
  2225.00    -4.07  0.00   0.642  0.000  -0.04239087 0.20380156     4.65   3.66
  2250.00    -4.32  0.00   0.629  0.000  -0.04577900 0.19896683     4.48   3.54
  2275.00    -4.53  0.00   0.616  0.000  -0.04872900 0.19407620     4.32   3.43
  2300.00    -4.68  0.00   0.603  0.000  -0.05126484 0.18916371     4.15   3.31
  2325.00    -4.80  0.00   0.590  0.000  -0.05341198 0.18425950     3.99   3.20
  2350.00    -4.88  0.00   0.577  0.000  -0.05519613 0.17938811     3.84   3.09
  2375.00    -4.94  0.00   0.564  0.000  -0.05664279 0.17457017     3.69   2.98
  2400.00    -4.96  0.00   0.551  0.000  -0.05777712 0.16982369     3.55   2.87
  2425.00    -4.97  0.00   0.538  0.000  -0.05862349 0.16516177     3.41   2.77
  2450.00    -4.95  0.00   0.525  0.000  -0.05920507 0.16059594     3.27   2.68
  2475.00    -4.91  0.00   0.513  0.000  -0.05954419 0.15613471     3.15   2.58
  2500.00    -4.86  0.00   0.501  0.000  -0.05966203 0.15178469     3.02   2.49